WEIGHTED DIGRAPH 226 406:
  0 --> 113 ( 20)
  1 -->  78 ( 14)
  1 --> 162 ( 18)
  2 -->  10 ( 34)
  3 -->   7 ( 18)
  3 -->  30 ( 22)
  3 --> 114 ( 18)
  3 --> 187 ( 16)
  4 --> 109 ( 22)
  5 --> 101 ( 26)
  6 --> 177 ( 21)
  7 -->  24 ( 22)
  7 -->  32 ( 38)
  7 -->  37 ( 20)
  7 -->  57 ( 35)
  7 -->  83 ( 21)
  8 -->  53 ( 13)
  9 --> 124 (  9)
 10 --> 110 (  7)
 10 --> 128 ( 22)
 10 --> 137 ( 25)
 10 --> 182 ( 40)
 11 --> 115 ( 25)
 12 -->  37 ( 17)
 12 --> 146 (  8)
 12 --> 182 ( 26)
 13 -->  89 ( 11)
 14 -->  83 ( 34)
 15 --> 118 ( 25)
 16 --> 143 ( 13)
 17 -->   6 ( 23)
 18 -->  92 ( 32)
 19 -->   1 ( 27)
 19 -->  72 ( 39)
 19 --> 167 ( 32)
 20 --> 165 ( 28)
 21 --> 186 ( 25)
 22 --> 103 ( 33)
 23 --> 191 ( 38)
 24 -->  37 ( 23)
 25 -->  85 ( 21)
 26 -->  79 ( 10)
 26 -->  82 ( 33)
 26 --> 144 ( 32)
 26 --> 196 ( 18)
 27 -->   1 ( 11)
 27 --> 127 ( 11)
 27 --> 190 ( 24)
 28 -->  39 ( 38)
 29 --> 130 ( 14)
 30 -->  62 ( 44)
 30 --> 137 ( 21)
 30 --> 197 ( 25)
 30 --> 221 ( 21)
 31 -->  41 ( 10)
 32 -->  27 ( 20)
 32 -->  37 ( 28)
 32 -->  46 ( 16)
 32 -->  58 ( 25)
 32 -->  78 ( 27)
 32 -->  99 ( 29)
 32 --> 114 ( 35)
 32 --> 144 ( 31)
 33 -->  74 ( 23)
 34 --> 106 ( 24)
 35 --> 142 ( 15)
 36 --> 104 ( 33)
 37 -->  10 ( 16)
 37 --> 175 ( 36)
 37 --> 195 ( 13)
 37 --> 209 ( 22)
 38 --> 110 ( 11)
 38 --> 144 ( 21)
 38 --> 152 ( 22)
 39 --> 127 ( 21)
 40 -->  55 ( 20)
 41 --> 133 ( 18)
 42 --> 141 ( 31)
 43 --> 169 ( 20)
 44 -->  64 ( 39)
 45 -->   7 ( 21)
 45 -->  19 ( 25)
 45 -->  27 ( 28)
 45 -->  32 ( 25)
 45 -->  62 ( 37)
 45 --> 144 ( 28)
 46 -->  76 ( 33)
 46 --> 127 ( 33)
 46 --> 197 ( 34)
 47 --> 215 ( 32)
 48 -->  95 ( 12)
 49 -->  10 ( 10)
 49 -->  32 ( 21)
 49 -->  38 ( 22)
 49 -->  78 ( 35)
 49 --> 146 ( 24)
 49 --> 182 ( 21)
 49 --> 195 ( 26)
 50 -->  19 ( 17)
 50 -->  32 ( 19)
 50 --> 144 ( 39)
 50 --> 162 ( 11)
 51 --> 122 ( 20)
 52 --> 176 ( 25)
 53 --> 194 ( 28)
 54 -->   7 ( 16)
 54 -->  49 ( 14)
 54 -->  76 ( 14)
 54 -->  81 ( 21)
 54 -->  87 ( 42)
 54 --> 162 ( 23)
 54 --> 197 ( 25)
 55 --> 180 ( 27)
 56 --> 166 ( 17)
 57 -->  30 ( 24)
 57 -->  50 ( 15)
 57 -->  79 ( 28)
 57 --> 127 ( 10)
 58 -->   3 ( 18)
 58 -->  37 ( 30)
 58 --> 123 ( 29)
 58 --> 138 ( 28)
 58 --> 145 ( 34)
 58 --> 174 ( 31)
 59 --> 129 ( 21)
 60 --> 207 ( 18)
 61 --> 223 ( 26)
 62 -->  27 ( 32)
 62 -->  46 ( 20)
 62 -->  79 ( 19)
 62 --> 137 ( 42)
 62 --> 167 ( 29)
 63 -->  29 ( 15)
 64 -->  80 ( 23)
 65 -->  67 ( 22)
 66 -->  44 ( 19)
 67 -->  52 ( 30)
 68 -->  93 ( 23)
 69 -->   9 ( 17)
 70 -->   5 ( 17)
 71 --> 222 ( 21)
 72 -->  32 ( 37)
 72 -->  38 ( 18)
 73 -->  15 ( 32)
 74 --> 135 ( 14)
 75 --> 192 ( 34)
 76 -->  72 ( 28)
 76 -->  82 ( 24)
 76 --> 123 ( 29)
 76 --> 127 ( 34)
 76 --> 225 ( 23)
 77 --> 184 ( 31)
 78 -->  46 ( 26)
 78 -->  81 ( 20)
 78 --> 174 ( 10)
 79 -->  19 ( 22)
 79 --> 127 ( 22)
 79 --> 146 ( 36)
 80 -->  28 ( 14)
 81 -->  72 ( 23)
 81 -->  83 ( 25)
 82 -->  12 ( 33)
 82 -->  57 ( 21)
 82 -->  79 ( 18)
 82 --> 145 ( 19)
 82 --> 197 ( 32)
 83 -->  45 ( 22)
 83 -->  77 ( 10)
 83 -->  78 ( 23)
 83 --> 182 ( 32)
 84 --> 182 (  6)
 85 -->  34 ( 29)
 86 -->  11 ( 21)
 87 -->  19 ( 20)
 87 -->  90 ( 33)
 87 -->  99 ( 30)
 87 --> 144 ( 40)
 88 -->  48 ( 28)
 89 --> 218 ( 23)
 90 -->  76 ( 30)
 90 --> 144 ( 24)
 90 --> 153 ( 29)
 90 --> 169 ( 23)
 91 --> 200 ( 36)
 92 -->  84 ( 22)
 93 -->  94 ( 22)
 94 -->  43 (  4)
 95 -->  18 ( 14)
 96 -->  20 ( 20)
 97 --> 149 ( 17)
 98 --> 159 ( 37)
 99 -->   7 ( 33)
 99 -->  24 ( 20)
 99 --> 102 ( 12)
100 --> 132 ( 26)
101 -->  65 ( 35)
102 -->  54 ( 16)
102 --> 169 ( 26)
102 --> 196 ( 31)
102 --> 197 ( 17)
102 --> 207 ( 26)
103 --> 219 ( 14)
104 --> 204 ( 23)
105 -->  59 ( 26)
106 --> 150 ( 28)
107 -->  21 ( 26)
108 --> 139 ( 22)
109 -->  75 ( 23)
110 --> 207 ( 27)
111 --> 201 ( 27)
112 --> 173 ( 17)
113 --> 168 ( 18)
114 -->  26 ( 30)
114 -->  72 ( 15)
114 -->  79 ( 32)
114 --> 123 ( 18)
114 --> 137 ( 35)
114 --> 209 ( 25)
114 --> 214 ( 29)
115 -->  22 ( 26)
116 --> 220 ( 18)
117 --> 213 ( 16)
118 -->  25 ( 30)
119 -->  60 ( 18)
120 -->  23 ( 21)
121 --> 164 ( 39)
122 -->  33 ( 16)
123 -->   1 ( 27)
123 -->   7 ( 28)
123 -->  10 ( 38)
123 --> 170 ( 24)
123 --> 174 ( 36)
123 --> 194 ( 33)
124 -->  14 ( 30)
125 --> 214 ( 17)
126 -->  13 ( 33)
127 -->  26 ( 23)
127 -->  45 ( 24)
127 --> 198 ( 14)
127 --> 214 ( 19)
128 --> 111 ( 31)
129 --> 140 ( 13)
130 --> 148 ( 29)
131 --> 203 ( 20)
132 --> 212 ( 16)
133 -->  47 ( 37)
134 -->  97 ( 22)
135 -->  73 ( 14)
136 -->  98 ( 28)
137 --> 162 ( 33)
138 -->  19 ( 23)
138 -->  37 ( 19)
138 -->  46 ( 34)
138 -->  87 ( 23)
138 --> 144 ( 26)
139 --> 224 ( 30)
140 --> 121 ( 30)
141 --> 105 ( 20)
142 --> 108 ( 21)
143 --> 151 (  7)
144 -->   3 ( 22)
144 -->  62 ( 19)
145 --> 102 ( 25)
145 --> 182 ( 10)
145 --> 221 ( 16)
146 -->  54 ( 16)
146 -->  82 ( 37)
146 --> 190 ( 17)
146 --> 194 ( 20)
147 --> 211 ( 15)
148 -->  42 ( 36)
149 -->  91 ( 20)
150 --> 156 (  9)
151 --> 202 (  6)
152 -->  26 ( 27)
152 --> 144 ( 23)
152 --> 174 ( 22)
153 -->  57 ( 14)
153 -->  81 ( 24)
153 --> 190 ( 26)
154 --> 119 ( 26)
155 --> 188 ( 14)
156 --> 171 ( 37)
157 --> 210 ( 27)
158 --> 123 ( 20)
159 --> 189 ( 19)
160 -->  31 ( 30)
161 --> 208 ( 27)
162 -->  45 ( 27)
162 -->  46 ( 16)
163 --> 155 ( 20)
164 -->  69 ( 27)
165 --> 206 ( 19)
166 -->   8 ( 12)
167 -->  58 ( 28)
167 -->  78 ( 34)
167 --> 138 ( 25)
167 --> 190 ( 15)
167 --> 209 ( 26)
168 -->  70 ( 29)
169 -->   1 ( 25)
169 -->  72 ( 45)
169 --> 131 ( 34)
169 --> 175 ( 37)
169 --> 197 ( 17)
170 -->  40 ( 35)
171 -->  86 ( 33)
172 --> 100 ( 33)
173 -->  66 ( 31)
174 -->  54 ( 41)
174 --> 196 ( 31)
175 -->  46 ( 18)
175 -->  78 ( 17)
175 --> 127 ( 39)
175 --> 146 ( 23)
175 --> 190 ( 22)
176 -->  88 ( 42)
177 --> 107 ( 27)
178 --> 194 ( 29)
179 --> 193 ( 25)
180 -->  61 ( 23)
181 -->  35 ( 14)
182 -->  62 ( 37)
182 -->  82 ( 19)
182 --> 157 ( 25)
182 --> 209 ( 19)
183 -->  17 ( 28)
184 --> 147 ( 19)
185 -->   4 ( 29)
186 -->  56 ( 32)
187 -->  38 ( 24)
187 -->  81 ( 26)
187 --> 127 ( 25)
187 --> 174 ( 34)
188 --> 172 ( 14)
189 -->   2 ( 27)
190 -->  72 ( 29)
190 -->  76 ( 19)
190 -->  78 ( 29)
190 --> 162 ( 40)
190 --> 225 ( 30)
191 -->  68 ( 30)
192 --> 181 ( 31)
193 --> 136 ( 28)
194 -->   0 ( 21)
194 --> 127 ( 16)
194 --> 153 ( 28)
194 --> 163 ( 27)
195 -->  32 ( 28)
195 -->  54 ( 27)
195 -->  58 (  3)
195 --> 144 ( 10)
195 --> 167 ( 32)
195 --> 187 ( 28)
195 --> 190 ( 13)
195 --> 221 ( 27)
196 -->   3 ( 22)
196 -->  10 ( 40)
196 -->  62 ( 44)
197 -->  58 ( 11)
197 -->  87 ( 32)
197 --> 123 ( 15)
197 --> 152 ( 26)
198 --> 179 ( 15)
199 --> 117 ( 36)
200 --> 161 ( 38)
201 --> 134 ( 12)
202 --> 154 ( 26)
203 -->  63 ( 25)
204 --> 160 ( 37)
205 --> 199 ( 30)
206 --> 205 ( 34)
207 -->  51 ( 39)
207 -->  57 ( 28)
207 -->  72 ( 42)
207 --> 187 ( 14)
207 --> 197 ( 42)
208 --> 112 ( 18)
209 -->  30 (  9)
209 -->  49 ( 20)
209 -->  82 ( 25)
209 --> 194 ( 29)
209 --> 195 ( 26)
210 --> 216 ( 15)
211 -->  36 ( 22)
212 --> 158 ( 35)
213 --> 178 ( 16)
214 -->  12 ( 25)
214 -->  49 ( 21)
214 --> 153 ( 19)
214 --> 185 ( 36)
215 --> 120 ( 27)
216 --> 183 ( 15)
217 -->  96 ( 24)
218 -->  71 ( 24)
219 --> 125 ( 35)
220 -->  16 ( 22)
221 -->  79 ( 28)
221 --> 110 ( 28)
221 --> 146 ( 31)
221 --> 182 ( 32)
222 --> 217 ( 16)
223 --> 126 ( 15)
224 --> 116 ( 27)
225 -->  38 ( 23)
225 --> 169 ( 23)
