WEIGHTED DIGRAPH 198 378:
  0 --> 105 (  7)
  1 --> 178 ( 28)
  2 --> 179 ( 23)
  3 -->  59 ( 20)
  4 -->  32 ( 18)
  5 -->   3 (  4)
  6 --> 157 ( 15)
  7 -->  34 ( 22)
  7 -->  98 ( 30)
  7 --> 121 ( 31)
  7 --> 155 ( 31)
  7 --> 195 ( 27)
  8 -->  60 ( 23)
  8 --> 121 ( 14)
  8 --> 154 ( 25)
  8 --> 180 ( 22)
  9 -->  29 ( 29)
 10 -->   4 ( 14)
 11 --> 117 ( 32)
 12 -->  36 ( 13)
 13 --> 118 ( 33)
 14 --> 132 ( 11)
 15 -->  26 ( 21)
 16 -->  50 ( 25)
 17 --> 138 ( 14)
 18 -->  11 ( 16)
 19 --> 156 ( 23)
 20 -->  22 ( 26)
 20 --> 144 ( 33)
 20 --> 148 ( 24)
 21 -->   7 ( 26)
 22 -->   7 ( 24)
 22 --> 106 ( 20)
 22 --> 163 ( 18)
 22 --> 182 ( 27)
 23 -->  39 ( 26)
 23 -->  46 ( 15)
 23 --> 165 ( 30)
 23 --> 166 ( 36)
 24 -->  52 ( 19)
 25 -->  42 ( 19)
 25 -->  91 ( 12)
 26 --> 167 ( 47)
 27 --> 164 ( 16)
 29 -->  18 ( 22)
 30 -->  20 ( 35)
 30 -->  25 ( 29)
 30 -->  55 ( 26)
 30 -->  81 ( 26)
 30 --> 164 ( 25)
 31 --> 122 ( 20)
 32 --> 169 ( 30)
 33 --> 162 ( 30)
 34 -->  57 ( 33)
 35 -->   8 ( 29)
 35 -->  22 ( 19)
 35 -->  74 ( 28)
 35 --> 115 ( 28)
 35 --> 166 ( 18)
 36 -->   9 ( 26)
 37 -->  93 ( 35)
 38 --> 107 ( 20)
 38 --> 148 ( 27)
 38 --> 166 ( 40)
 38 --> 186 ( 19)
 38 --> 197 ( 32)
 39 -->  25 ( 22)
 39 --> 197 ( 33)
 40 --> 113 ( 17)
 41 -->  84 ( 28)
 42 -->  23 ( 25)
 42 -->  54 ( 38)
 42 --> 155 ( 17)
 42 --> 177 ( 31)
 43 --> 145 ( 24)
 44 --> 125 ( 11)
 45 --> 123 ( 41)
 46 -->  74 ( 17)
 46 -->  80 ( 25)
 46 --> 110 ( 10)
 46 --> 143 ( 29)
 46 --> 163 ( 38)
 46 --> 194 ( 28)
 47 --> 126 ( 18)
 48 --> 134 ( 40)
 49 -->  12 ( 26)
 50 -->  19 ( 22)
 51 --> 171 ( 32)
 52 -->  44 ( 32)
 53 --> 136 ( 26)
 54 -->  47 ( 12)
 54 -->  69 ( 42)
 54 --> 194 ( 25)
 55 -->  22 ( 15)
 55 -->  68 ( 12)
 55 -->  76 ( 27)
 55 --> 106 ( 16)
 55 --> 154 ( 10)
 55 --> 165 ( 32)
 55 --> 180 ( 24)
 56 -->   8 ( 40)
 56 -->  68 ( 25)
 57 -->  41 ( 32)
 58 -->  17 (  7)
 59 --> 101 ( 20)
 60 -->  20 ( 23)
 60 -->  62 ( 11)
 60 --> 180 ( 17)
 60 --> 182 ( 23)
 61 -->  87 ( 17)
 62 -->  56 (  8)
 62 -->  71 ( 18)
 62 -->  81 ( 30)
 62 --> 173 ( 27)
 62 --> 180 ( 27)
 63 -->  89 ( 17)
 64 -->  30 ( 32)
 64 -->  38 ( 20)
 64 -->  54 ( 32)
 64 --> 115 ( 36)
 64 --> 164 ( 27)
 64 --> 186 ( 28)
 65 --> 114 ( 21)
 66 -->  97 ( 10)
 67 -->  92 ( 28)
 68 -->  91 ( 25)
 68 --> 126 ( 26)
 68 --> 155 ( 13)
 68 --> 164 ( 35)
 68 --> 165 ( 13)
 69 -->  20 ( 33)
 69 -->  98 ( 24)
 70 --> 153 (  7)
 71 -->  30 (  6)
 71 -->  55 ( 26)
 71 -->  81 ( 33)
 71 --> 163 ( 21)
 71 --> 182 ( 20)
 71 --> 189 ( 22)
 72 -->  76 ( 38)
 73 -->  45 ( 32)
 74 --> 140 (  5)
 75 -->  37 ( 33)
 76 -->  42 ( 30)
 76 -->  82 ( 16)
 76 -->  85 ( 35)
 76 -->  91 ( 20)
 76 --> 106 ( 19)
 77 -->   0 ( 30)
 78 --> 174 ( 17)
 79 --> 195 ( 22)
 80 -->   8 ( 31)
 80 -->  39 ( 20)
 80 -->  42 ( 30)
 80 -->  55 ( 28)
 80 -->  74 ( 40)
 80 --> 119 ( 26)
 80 --> 137 ( 24)
 80 --> 195 ( 13)
 81 --> 154 (  8)
 81 --> 182 ( 11)
 82 --> 139 ( 25)
 83 --> 133 ( 26)
 84 --> 150 ( 26)
 85 -->  43 ( 21)
 86 -->  94 ( 23)
 87 --> 172 ( 20)
 88 -->  66 ( 35)
 89 -->   2 ( 30)
 90 -->  58 ( 40)
 91 -->  42 ( 23)
 91 -->  55 ( 29)
 91 --> 107 ( 15)
 91 --> 154 ( 14)
 91 --> 177 ( 23)
 92 -->  33 ( 35)
 93 --> 100 ( 33)
 94 -->  53 ( 28)
 95 --> 192 ( 26)
 96 --> 168 ( 37)
 97 -->  75 ( 23)
 98 -->   8 ( 16)
 98 -->  20 ( 20)
 98 -->  22 ( 34)
 98 -->  25 ( 38)
 98 --> 148 ( 22)
 98 --> 159 ( 11)
 99 --> 127 ( 17)
100 -->  14 ( 29)
101 --> 112 ( 24)
102 -->  23 ( 33)
102 -->  30 ( 22)
102 -->  62 ( 13)
102 -->  71 ( 10)
102 --> 143 ( 19)
102 --> 154 ( 39)
103 -->  78 ( 31)
104 -->  76 ( 34)
105 --> 103 ( 25)
106 -->  39 (  9)
106 -->  47 ( 11)
106 -->  54 ( 16)
106 -->  68 ( 26)
106 -->  74 ( 27)
107 -->  28 (  9)
107 --> 126 ( 20)
107 --> 186 ( 20)
108 --> 121 ( 38)
109 -->  96 ( 28)
110 -->   7 ( 29)
110 --> 177 ( 13)
111 -->  10 ( 17)
112 -->  70 ( 28)
113 -->  65 ( 28)
114 -->  83 ( 18)
115 --> 102 ( 22)
115 --> 106 ( 20)
115 --> 177 ( 28)
115 --> 186 ( 20)
116 --> 151 ( 36)
117 -->  77 ( 39)
118 --> 184 ( 18)
119 -->  20 ( 19)
119 -->  42 ( 39)
119 --> 106 ( 38)
119 --> 152 ( 24)
119 --> 177 ( 25)
119 --> 180 ( 19)
120 --> 142 ( 33)
121 --> 107 ( 24)
121 --> 176 ( 25)
122 -->  86 ( 38)
123 --> 190 ( 14)
124 -->  67 ( 29)
125 --> 183 ( 28)
126 -->  64 ( 28)
126 --> 164 ( 22)
126 --> 173 ( 31)
127 --> 187 ( 26)
128 -->  63 ( 27)
129 --> 188 ( 23)
130 --> 146 ( 24)
131 -->   8 ( 32)
131 --> 159 ( 42)
132 -->  51 ( 32)
133 -->  95 ( 38)
134 -->   5 ( 21)
135 -->  88 ( 28)
136 -->  20 ( 39)
137 -->  55 ( 14)
137 -->  71 ( 23)
137 --> 119 ( 30)
138 --> 135 ( 30)
139 -->  31 ( 13)
140 -->  15 ( 37)
141 --> 173 ( 30)
142 -->  21 ( 31)
143 -->  22 ( 25)
143 --> 152 ( 39)
143 --> 180 ( 27)
143 --> 186 ( 15)
143 --> 197 ( 25)
144 -->  73 ( 20)
145 --> 193 ( 33)
146 -->   1 ( 28)
147 -->  13 ( 14)
148 -->  30 ( 35)
148 -->  35 ( 15)
148 -->  56 ( 38)
148 -->  80 ( 25)
149 --> 177 ( 17)
150 --> 141 ( 22)
151 --> 130 ( 30)
152 -->  56 ( 31)
152 --> 180 ( 26)
153 --> 109 ( 20)
154 -->   7 ( 35)
154 -->  74 ( 21)
154 --> 115 ( 28)
154 --> 119 ( 25)
154 --> 121 ( 33)
154 --> 148 ( 22)
155 --> 107 ( 39)
155 --> 119 ( 27)
155 --> 180 ( 35)
156 -->  74 ( 26)
157 -->  99 ( 24)
158 --> 124 ( 11)
159 -->  47 ( 20)
159 -->  54 ( 37)
159 -->  71 ( 27)
159 --> 110 ( 26)
159 --> 195 ( 20)
160 -->  49 ( 26)
161 -->  69 ( 22)
162 --> 108 ( 17)
163 -->  20 ( 27)
163 -->  54 ( 45)
163 --> 107 ( 17)
163 --> 161 ( 31)
164 -->  38 ( 31)
164 -->  40 ( 23)
164 --> 131 ( 15)
164 --> 137 ( 36)
164 --> 143 ( 14)
164 --> 152 ( 26)
164 --> 155 ( 17)
164 --> 161 ( 29)
165 -->  69 ( 14)
165 -->  81 ( 20)
165 --> 154 ( 15)
165 --> 164 ( 29)
166 -->  74 ( 22)
166 -->  91 ( 13)
166 --> 159 ( 27)
167 --> 170 ( 26)
168 --> 181 ( 25)
169 --> 129 ( 25)
170 --> 158 ( 33)
171 --> 120 ( 27)
172 --> 104 ( 30)
173 --> 119 ( 26)
173 --> 128 ( 23)
173 --> 148 ( 28)
173 --> 195 ( 23)
174 -->  79 ( 13)
175 -->  72 ( 38)
176 --> 147 ( 22)
177 -->  38 ( 18)
177 --> 102 ( 31)
177 --> 111 ( 19)
177 --> 165 ( 30)
178 --> 191 ( 20)
179 -->  90 ( 35)
180 -->  30 ( 21)
180 -->  76 ( 24)
180 --> 159 ( 32)
181 -->  16 ( 29)
182 -->  25 ( 15)
182 --> 106 ( 16)
182 --> 194 ( 17)
183 --> 196 ( 20)
184 -->  48 ( 23)
185 -->   8 ( 30)
185 -->  69 ( 30)
185 --> 137 ( 28)
185 --> 155 (  9)
185 --> 163 ( 28)
185 --> 173 ( 13)
186 -->  39 ( 25)
186 -->  69 ( 15)
186 --> 166 ( 21)
187 --> 149 ( 18)
188 -->  27 ( 37)
189 -->  38 ( 24)
189 -->  42 ( 23)
189 -->  91 ( 28)
189 --> 106 ( 10)
189 --> 180 ( 35)
189 --> 197 ( 28)
190 --> 116 ( 17)
191 --> 175 ( 26)
192 -->   6 ( 31)
193 --> 160 ( 32)
194 --> 110 ( 38)
194 --> 161 ( 16)
194 --> 189 ( 32)
195 -->  24 ( 17)
195 -->  39 ( 28)
195 -->  47 (  6)
195 -->  56 ( 14)
195 --> 143 (  3)
196 -->  61 ( 36)
197 -->  35 ( 14)
197 -->  46 ( 30)
197 --> 119 ( 33)
197 --> 173 ( 25)
197 --> 186 ( 15)
