WEIGHTED DIGRAPH 172 352:
  0 --> 151 ( 33)
  1 --> 120 ( 37)
  2 --> 136 ( 27)
  2 --> 144 ( 25)
  3 -->  40 ( 17)
  3 -->  49 ( 41)
  3 -->  79 ( 13)
  3 -->  84 ( 13)
  3 -->  87 ( 30)
  3 -->  95 ( 26)
  3 --> 157 ( 31)
  4 -->  51 ( 19)
  5 --> 131 ( 34)
  6 -->  69 ( 21)
  7 --> 166 ( 23)
  8 --> 160 ( 25)
  9 --> 170 ( 25)
 10 -->  31 ( 28)
 10 -->  46 ( 34)
 10 --> 117 ( 26)
 11 --> 146 ( 34)
 12 -->  93 ( 16)
 13 -->  16 ( 33)
 14 --> 107 ( 23)
 15 -->  81 ( 29)
 15 -->  83 ( 18)
 16 --> 161 ( 31)
 17 --> 126 ( 21)
 17 --> 157 ( 28)
 17 --> 168 ( 41)
 18 -->  79 ( 32)
 18 -->  95 ( 17)
 18 -->  98 ( 36)
 18 --> 109 ( 24)
 18 --> 132 ( 13)
 19 -->  10 ( 39)
 19 -->  56 ( 17)
 19 -->  64 ( 28)
 20 -->  25 ( 25)
 21 -->  35 ( 25)
 22 -->  17 ( 19)
 22 -->  49 ( 16)
 22 -->  66 ( 12)
 22 -->  82 ( 11)
 22 -->  93 ( 17)
 22 --> 138 ( 21)
 23 -->  72 ( 32)
 24 --> 169 ( 31)
 25 --> 156 ( 44)
 26 --> 159 ( 11)
 27 -->  34 ( 32)
 28 --> 116 ( 20)
 29 -->  85 ( 29)
 30 -->  15 ( 31)
 31 -->  23 ( 38)
 32 -->  61 ( 36)
 32 -->  82 ( 16)
 32 --> 122 ( 12)
 32 --> 132 ( 24)
 32 --> 133 ( 25)
 33 --> 128 ( 26)
 34 --> 149 ( 26)
 35 -->  14 ( 28)
 36 -->  67 ( 42)
 37 -->  82 ( 15)
 38 -->   8 ( 25)
 39 -->  20 ( 30)
 40 -->  64 ( 26)
 40 --> 104 ( 30)
 40 --> 137 ( 19)
 40 --> 147 ( 42)
 40 --> 152 ( 21)
 41 --> 129 ( 25)
 42 -->  10 ( 26)
 42 -->  19 ( 29)
 42 -->  81 ( 12)
 42 -->  92 ( 29)
 42 -->  95 ( 37)
 43 --> 113 ( 16)
 44 -->  46 ( 27)
 44 -->  49 ( 26)
 44 -->  96 ( 14)
 44 --> 122 ( 21)
 44 --> 157 ( 26)
 45 --> 124 ( 15)
 46 --> 132 ( 17)
 46 --> 138 ( 36)
 46 --> 141 ( 29)
 47 --> 125 ( 37)
 48 -->  81 ( 12)
 48 -->  87 ( 28)
 48 -->  95 ( 26)
 48 --> 109 ( 24)
 49 -->  15 ( 22)
 49 -->  82 ( 26)
 49 --> 144 ( 12)
 49 --> 168 ( 45)
 50 --> 132 ( 27)
 51 --> 102 ( 17)
 52 --> 134 ( 33)
 53 -->  18 ( 14)
 53 -->  19 ( 21)
 53 -->  44 ( 39)
 53 -->  62 ( 23)
 53 -->  66 ( 33)
 53 -->  84 ( 22)
 53 -->  95 ( 15)
 53 --> 131 ( 31)
 53 --> 133 ( 42)
 53 --> 147 ( 32)
 54 --> 167 ( 21)
 55 --> 158 ( 18)
 56 -->  93 ( 22)
 56 --> 104 ( 34)
 56 --> 142 ( 29)
 57 -->  12 ( 29)
 58 -->  39 ( 38)
 59 -->  90 ( 26)
 60 --> 106 ( 15)
 61 -->  49 ( 39)
 61 -->  62 ( 20)
 61 -->  65 ( 41)
 61 --> 104 ( 17)
 61 --> 140 ( 15)
 61 --> 147 ( 30)
 61 --> 150 ( 30)
 62 -->  46 ( 38)
 63 -->  91 ( 27)
 64 -->  17 ( 19)
 64 -->  61 ( 21)
 64 -->  95 ( 17)
 64 --> 109 ( 22)
 64 --> 150 ( 32)
 65 -->  19 (  8)
 65 -->  62 ( 25)
 65 --> 144 ( 12)
 65 --> 154 (  8)
 66 -->  46 ( 22)
 67 -->  77 ( 34)
 68 -->  70 ( 29)
 69 --> 123 ( 24)
 70 -->  11 ( 12)
 71 -->  33 ( 19)
 72 -->  78 ( 25)
 73 -->   3 ( 14)
 73 -->  15 ( 22)
 73 -->  42 ( 32)
 73 -->  98 ( 25)
 74 -->  64 ( 35)
 74 -->  81 ( 27)
 74 -->  98 ( 44)
 74 --> 137 ( 28)
 75 --> 162 ( 31)
 76 -->  22 ( 26)
 76 -->  61 ( 27)
 76 -->  63 ( 16)
 77 -->  45 ( 41)
 78 --> 115 ( 36)
 79 -->  53 ( 24)
 79 -->  84 ( 23)
 79 --> 136 ( 25)
 79 --> 144 ( 41)
 79 --> 157 ( 23)
 80 --> 110 ( 27)
 81 -->  40 ( 27)
 81 -->  44 ( 27)
 81 --> 104 ( 36)
 81 --> 121 ( 30)
 81 --> 143 ( 25)
 82 -->  15 ( 15)
 82 --> 118 ( 32)
 82 --> 143 ( 37)
 83 -->  55 ( 29)
 84 -->   2 ( 20)
 84 -->  17 ( 28)
 84 -->  64 ( 18)
 84 -->  66 ( 32)
 84 -->  92 ( 27)
 85 --> 103 ( 36)
 86 --> 163 ( 25)
 87 -->  93 ( 13)
 87 --> 104 ( 24)
 88 --> 139 ( 30)
 89 --> 101 ( 20)
 90 --> 148 ( 37)
 91 -->  47 ( 24)
 92 -->  50 ( 38)
 92 --> 104 ( 19)
 92 --> 111 ( 18)
 93 -->   0 ( 29)
 93 -->   3 ( 29)
 93 --> 122 ( 19)
 93 --> 143 ( 45)
 93 --> 153 ( 23)
 94 -->   5 ( 41)
 95 --> 126 ( 20)
 95 --> 137 ( 24)
 95 --> 168 ( 29)
 96 -->  86 ( 21)
 97 --> 114 ( 27)
 98 -->  46 ( 21)
 98 -->  49 ( 21)
 99 --> 130 ( 18)
100 --> 105 ( 33)
101 -->  94 ( 15)
102 --> 119 ( 33)
103 -->  71 ( 27)
104 -->  10 ( 21)
104 -->  32 ( 25)
104 -->  53 ( 27)
104 --> 153 ( 22)
105 --> 135 ( 22)
106 -->  89 ( 36)
107 -->  76 ( 37)
108 -->  59 ( 24)
109 -->  40 ( 26)
109 -->  87 ( 21)
109 -->  95 ( 31)
109 --> 121 ( 20)
109 --> 143 ( 33)
110 -->   7 ( 37)
111 -->  32 ( 21)
111 -->  74 ( 25)
111 -->  82 ( 31)
111 --> 133 ( 14)
111 --> 140 ( 11)
111 --> 143 ( 32)
112 -->  37 ( 27)
113 --> 165 ( 17)
114 --> 141 ( 24)
115 -->  60 ( 35)
116 -->  36 ( 31)
117 --> 136 ( 30)
118 -->  38 ( 23)
119 -->   9 ( 17)
120 --> 108 ( 21)
121 -->  46 ( 24)
121 -->  76 ( 30)
121 --> 126 ( 17)
121 --> 153 ( 24)
122 -->  10 ( 17)
122 -->  46 ( 29)
122 -->  95 ( 19)
122 --> 152 ( 20)
122 --> 157 ( 14)
123 -->  28 ( 22)
124 -->  30 ( 24)
125 -->  29 ( 20)
126 -->  65 ( 23)
126 -->  82 ( 26)
126 -->  98 ( 31)
126 --> 164 ( 41)
127 -->   1 ( 28)
128 --> 155 ( 39)
129 -->   6 ( 25)
130 -->  75 ( 34)
131 -->  10 ( 29)
131 -->  43 ( 24)
131 -->  65 ( 29)
131 -->  93 ( 22)
132 -->  15 ( 37)
132 -->  48 ( 40)
132 --> 117 ( 41)
133 -->  65 ( 24)
133 -->  73 ( 24)
134 -->  54 ( 14)
135 --> 112 ( 21)
136 -->  53 ( 15)
137 --> 100 ( 29)
137 --> 132 ( 11)
137 --> 142 ( 26)
138 -->  15 ( 20)
138 -->  17 ( 18)
138 -->  32 ( 24)
138 -->  66 ( 21)
138 -->  73 ( 24)
138 --> 104 ( 22)
138 --> 121 ( 38)
138 --> 144 ( 20)
138 --> 168 ( 16)
139 --> 137 ( 25)
140 -->  17 ( 25)
140 -->  19 ( 26)
140 -->  82 ( 33)
140 --> 126 ( 29)
140 --> 138 ( 19)
140 --> 153 ( 28)
141 -->   4 ( 28)
141 --> 133 ( 22)
141 --> 137 ( 27)
142 -->  19 ( 30)
142 -->  32 ( 22)
142 -->  42 ( 20)
142 -->  50 ( 25)
142 -->  79 ( 35)
142 --> 104 ( 26)
142 --> 109 (  4)
142 --> 131 ( 24)
142 --> 144 ( 31)
143 --> 144 ( 25)
144 -->  18 ( 27)
144 -->  48 ( 43)
145 -->  80 ( 34)
146 -->  41 ( 32)
147 -->  32 ( 12)
147 -->  46 ( 17)
147 -->  50 ( 36)
147 -->  81 ( 46)
147 -->  92 ( 31)
148 -->  13 ( 15)
149 -->  99 ( 18)
150 -->  42 ( 21)
150 -->  56 ( 10)
150 -->  62 ( 17)
150 -->  76 ( 28)
150 -->  84 ( 28)
150 -->  93 ( 15)
150 --> 126 ( 23)
151 -->  68 ( 30)
152 -->  56 ( 37)
152 -->  66 ( 24)
152 -->  73 ( 43)
152 -->  82 ( 27)
153 -->  15 ( 21)
153 -->  46 ( 13)
153 -->  84 ( 22)
154 -->  42 ( 31)
154 -->  82 ( 34)
154 --> 117 ( 17)
154 --> 152 ( 22)
155 -->  44 ( 21)
156 -->  88 ( 33)
157 -->  84 ( 16)
157 -->  87 ( 15)
157 --> 138 ( 28)
158 -->  57 ( 19)
159 -->  97 (  6)
160 -->  52 ( 26)
161 -->  21 ( 30)
162 --> 126 ( 21)
163 --> 127 ( 22)
164 -->  26 ( 24)
165 -->  24 ( 17)
166 -->  27 ( 18)
167 -->  58 ( 25)
168 -->  22 ( 33)
168 -->  56 ( 35)
168 -->  98 ( 31)
168 --> 157 ( 17)
169 -->  10 ( 19)
170 --> 171 ( 32)
171 --> 145 ( 32)
