WEIGHTED DIGRAPH 176 356:
  0 --> 113 ( 16)
  1 --> 143 ( 36)
  2 -->  17 ( 22)
  3 --> 168 ( 15)
  4 -->  31 ( 27)
  4 -->  65 ( 33)
  4 --> 115 ( 23)
  4 --> 132 ( 17)
  4 --> 147 ( 34)
  5 --> 122 ( 35)
  6 -->  14 ( 23)
  7 --> 166 ( 23)
  8 -->  56 ( 29)
  9 -->  90 ( 21)
 10 -->  42 ( 32)
 11 --> 151 ( 31)
 12 -->  64 ( 32)
 13 -->  16 ( 32)
 13 -->  41 ( 22)
 13 -->  47 ( 29)
 13 -->  56 ( 14)
 13 --> 153 ( 15)
 14 --> 157 ( 31)
 15 -->  50 ( 25)
 16 -->  38 ( 10)
 16 -->  86 ( 34)
 16 --> 149 ( 17)
 16 --> 167 ( 46)
 17 -->  40 ( 12)
 18 --> 105 ( 23)
 19 --> 150 ( 18)
 20 -->  25 ( 36)
 20 -->  34 ( 31)
 20 -->  69 ( 21)
 20 --> 161 ( 24)
 21 --> 137 ( 23)
 22 -->  88 ( 13)
 23 -->  28 ( 33)
 24 -->   8 ( 24)
 26 -->  20 ( 29)
 26 -->  75 ( 24)
 27 -->  96 ( 37)
 28 -->  82 ( 18)
 29 -->   4 (  8)
 29 -->  15 ( 33)
 29 -->  31 ( 16)
 29 --> 114 ( 28)
 30 --> 163 (  9)
 31 -->  41 ( 19)
 31 -->  47 ( 38)
 31 -->  88 ( 12)
 31 --> 154 ( 32)
 31 --> 174 ( 26)
 32 --> 152 ( 27)
 33 --> 131 ( 37)
 34 -->  38 ( 27)
 34 -->  41 ( 29)
 34 -->  52 ( 18)
 34 -->  54 ( 18)
 34 -->  81 ( 31)
 34 -->  87 ( 19)
 34 -->  88 ( 35)
 34 --> 140 ( 37)
 34 --> 153 ( 16)
 34 --> 167 ( 12)
 34 --> 173 ( 22)
 35 --> 110 ( 40)
 36 -->  37 ( 16)
 37 --> 136 ( 32)
 38 --> 133 ( 18)
 38 --> 149 ( 30)
 38 --> 153 ( 21)
 39 --> 107 ( 39)
 40 -->  23 ( 15)
 41 -->  20 ( 20)
 41 --> 169 ( 27)
 42 --> 124 ( 15)
 43 --> 102 ( 20)
 44 -->  52 ( 19)
 44 -->  56 ( 44)
 44 -->  59 ( 28)
 44 --> 123 ( 22)
 44 --> 133 ( 31)
 44 --> 174 ( 31)
 45 -->  72 ( 26)
 46 -->   9 ( 32)
 47 -->  16 ( 32)
 47 -->  20 ( 16)
 47 -->  87 ( 30)
 47 -->  88 ( 31)
 48 -->  97 ( 24)
 49 -->  99 ( 13)
 50 --> 121 ( 30)
 51 --> 130 ( 29)
 52 -->  13 ( 20)
 52 -->  22 ( 11)
 52 --> 111 ( 23)
 52 --> 159 ( 31)
 53 -->  71 ( 30)
 54 -->  81 ( 21)
 54 -->  84 (  8)
 54 --> 132 ( 36)
 55 -->   5 ( 25)
 56 -->  18 ( 29)
 56 -->  88 ( 37)
 56 --> 135 ( 20)
 56 --> 153 ( 32)
 57 -->  65 ( 39)
 57 --> 164 ( 18)
 58 -->  47 ( 22)
 58 -->  76 ( 37)
 58 --> 101 ( 30)
 58 --> 116 ( 13)
 58 --> 154 ( 16)
 58 --> 159 ( 45)
 59 -->  22 ( 16)
 59 -->  30 ( 27)
 59 -->  31 ( 35)
 59 -->  81 ( 38)
 59 --> 116 ( 31)
 59 --> 123 ( 22)
 59 --> 140 ( 24)
 60 -->  45 ( 30)
 61 -->  83 ( 25)
 62 --> 144 ( 23)
 63 --> 112 ( 20)
 64 --> 173 ( 20)
 65 -->  44 ( 31)
 65 --> 104 ( 34)
 65 --> 114 ( 14)
 65 --> 115 ( 25)
 65 --> 147 ( 27)
 65 --> 164 ( 26)
 66 -->  62 ( 46)
 67 --> 171 ( 21)
 68 -->   6 ( 42)
 69 -->  25 ( 23)
 69 -->  38 ( 27)
 69 -->  47 ( 32)
 69 -->  56 ( 20)
 69 --> 154 ( 32)
 70 --> 141 ( 34)
 71 -->  55 ( 26)
 72 -->  70 ( 23)
 73 -->  89 ( 37)
 74 -->  36 ( 29)
 75 -->  29 ( 25)
 75 -->  84 ( 17)
 75 --> 174 ( 32)
 76 -->   4 ( 23)
 76 -->  54 ( 32)
 77 --> 129 ( 39)
 78 --> 145 ( 19)
 79 -->  92 ( 45)
 80 --> 148 ( 25)
 81 -->   0 ( 37)
 81 -->  20 ( 24)
 81 -->  69 ( 28)
 81 -->  75 ( 29)
 81 --> 142 ( 28)
 81 --> 149 ( 15)
 82 --> 156 ( 25)
 83 -->  39 ( 30)
 84 -->  16 ( 14)
 84 --> 111 ( 20)
 84 --> 126 ( 16)
 84 --> 140 ( 17)
 84 --> 147 ( 38)
 84 --> 164 ( 22)
 85 -->  66 ( 11)
 86 -->  26 ( 30)
 86 --> 101 ( 21)
 86 --> 114 ( 29)
 87 -->  22 ( 20)
 87 -->  84 ( 13)
 87 --> 114 ( 23)
 87 --> 140 ( 33)
 87 --> 154 ( 24)
 88 -->  13 ( 37)
 88 --> 114 ( 21)
 88 --> 116 ( 25)
 88 --> 154 ( 21)
 89 -->  11 ( 18)
 90 -->  35 ( 26)
 91 -->  68 ( 26)
 92 -->  32 ( 28)
 93 -->  56 ( 25)
 93 -->  94 ( 32)
 93 --> 126 ( 20)
 93 --> 133 ( 20)
 93 --> 164 ( 32)
 94 -->   0 ( 26)
 94 -->  25 ( 26)
 94 -->  77 ( 31)
 95 -->  80 ( 42)
 96 --> 127 ( 25)
 97 --> 165 ( 29)
 98 -->  12 ( 19)
 99 --> 133 ( 38)
100 --> 108 ( 36)
101 -->  54 ( 31)
101 --> 169 ( 29)
102 -->  29 ( 26)
103 -->  78 ( 20)
104 -->  20 ( 30)
104 -->  26 ( 26)
104 -->  76 ( 39)
104 --> 174 ( 11)
105 --> 139 ( 28)
106 -->  46 ( 13)
107 --> 100 ( 26)
108 --> 160 ( 18)
109 --> 155 ( 19)
110 -->  60 ( 16)
111 --> 101 ( 17)
111 --> 116 ( 27)
111 --> 153 ( 32)
111 --> 159 ( 16)
112 -->  67 ( 34)
113 -->   4 ( 24)
113 -->  13 ( 35)
113 -->  44 ( 43)
113 -->  65 ( 32)
113 -->  75 ( 33)
113 --> 146 (  5)
114 -->  13 ( 19)
114 -->  25 ( 42)
114 -->  34 ( 17)
114 -->  47 ( 14)
114 -->  69 ( 34)
114 --> 133 ( 31)
114 --> 164 ( 12)
114 --> 167 ( 28)
115 --> 159 ( 32)
116 -->  69 ( 22)
116 --> 132 ( 24)
117 -->  51 ( 20)
118 --> 153 ( 21)
119 -->  73 ( 17)
120 --> 134 ( 30)
121 -->   1 ( 27)
122 -->  85 ( 25)
123 -->  34 ( 34)
123 -->  65 ( 33)
123 -->  84 ( 25)
123 -->  88 ( 35)
123 --> 154 ( 39)
123 --> 164 ( 39)
124 --> 162 ( 33)
125 -->  95 ( 23)
126 -->  13 ( 36)
126 -->  20 ( 23)
126 -->  31 ( 22)
126 -->  69 ( 24)
126 -->  75 ( 27)
126 --> 111 ( 12)
126 --> 159 ( 35)
127 -->  33 ( 30)
128 --> 125 ( 14)
129 -->   7 ( 33)
130 --> 109 ( 30)
131 -->  20 ( 30)
132 -->  22 ( 28)
132 -->  44 ( 24)
133 -->  26 (  8)
133 -->  47 ( 21)
133 -->  79 ( 19)
133 --> 173 (  4)
134 -->  49 ( 30)
135 -->  44 ( 16)
135 -->  57 ( 40)
135 -->  69 ( 17)
135 -->  88 ( 20)
135 --> 118 ( 30)
135 --> 140 ( 11)
136 -->  43 ( 33)
137 --> 158 ( 41)
138 -->  25 ( 38)
138 -->  41 ( 22)
138 -->  65 ( 21)
138 -->  81 ( 25)
138 -->  88 ( 31)
138 --> 114 (  7)
139 -->  74 ( 14)
140 -->  13 ( 20)
140 -->  65 ( 33)
140 -->  86 ( 31)
140 --> 142 ( 31)
140 --> 154 ( 33)
141 -->   3 ( 35)
142 -->  41 ( 30)
142 -->  75 ( 27)
142 --> 154 ( 27)
143 -->  24 ( 23)
144 --> 113 ( 16)
145 -->  59 ( 25)
146 --> 128 ( 12)
148 --> 106 ( 22)
149 -->  75 ( 28)
149 -->  86 ( 13)
149 --> 140 ( 44)
149 --> 159 ( 15)
149 --> 173 (  7)
150 -->  10 ( 25)
151 -->  98 (  6)
152 -->  61 (  6)
153 --> 169 ( 28)
154 -->   4 (  9)
154 -->  25 ( 17)
154 -->  56 ( 29)
154 --> 138 ( 27)
154 --> 169 ( 24)
155 -->  34 ( 25)
155 -->  59 ( 32)
155 --> 147 ( 37)
155 --> 175 ( 28)
156 -->  48 (  9)
157 --> 119 ( 21)
158 --> 170 ( 27)
159 -->  20 ( 34)
159 -->  41 ( 18)
159 -->  76 ( 15)
160 --> 117 ( 19)
161 -->  21 ( 26)
162 --> 103 ( 33)
163 -->  91 ( 16)
164 -->  22 ( 10)
164 -->  25 ( 17)
164 -->  88 ( 39)
164 --> 154 ( 43)
165 --> 174 ( 29)
166 -->  53 ( 31)
167 -->  47 ( 19)
167 --> 118 ( 18)
167 --> 147 ( 25)
168 -->  63 ( 35)
169 -->  76 ( 11)
170 -->   2 ( 20)
171 -->  94 ( 29)
172 -->  56 ( 34)
172 -->  57 ( 22)
172 -->  93 ( 29)
172 --> 133 ( 22)
173 -->  16 ( 15)
173 -->  19 ( 26)
173 -->  20 ( 30)
173 -->  69 ( 22)
173 -->  76 ( 30)
173 -->  81 ( 42)
174 -->  27 ( 30)
174 -->  34 ( 13)
174 -->  76 ( 28)
174 --> 159 ( 18)
174 --> 169 ( 31)
174 --> 172 ( 18)
175 --> 120 ( 40)
