WEIGHTED DIGRAPH 188 368:
  0 -->  87 ( 28)
  0 -->  94 ( 17)
  1 -->   8 ( 17)
  1 --> 167 (  8)
  1 --> 172 ( 34)
  2 --> 135 ( 32)
  3 --> 180 ( 37)
  4 -->  68 ( 23)
  5 --> 115 ( 22)
  6 --> 150 ( 24)
  6 --> 172 ( 17)
  7 -->  29 ( 33)
  7 -->  38 ( 25)
  7 --> 108 (  8)
  7 --> 134 ( 26)
  7 --> 137 ( 25)
  7 --> 145 ( 35)
  7 --> 150 ( 32)
  7 --> 160 ( 43)
  8 -->   0 ( 28)
  8 -->  93 ( 12)
  8 -->  98 ( 25)
  8 --> 144 ( 32)
  8 --> 145 ( 21)
  9 --> 123 ( 27)
 10 -->  94 ( 30)
 11 -->   6 ( 27)
 11 -->   7 ( 35)
 11 -->  22 ( 20)
 11 -->  29 ( 28)
 11 -->  56 ( 25)
 11 -->  72 ( 14)
 11 -->  75 ( 19)
 12 -->  39 ( 26)
 13 --> 111 ( 43)
 14 -->  76 ( 29)
 14 --> 113 ( 28)
 15 -->  66 ( 30)
 16 -->  23 ( 36)
 16 -->  29 ( 34)
 16 -->  54 ( 30)
 16 -->  75 ( 28)
 16 -->  79 ( 20)
 16 --> 167 ( 14)
 17 -->  54 ( 36)
 17 -->  88 ( 28)
 17 --> 130 ( 12)
 18 --> 131 ( 31)
 19 -->  40 ( 43)
 20 --> 101 ( 21)
 21 --> 117 ( 24)
 22 -->  74 ( 19)
 23 -->   1 ( 26)
 23 -->  44 ( 31)
 23 --> 119 ( 32)
 23 --> 140 ( 25)
 23 --> 148 ( 17)
 23 --> 163 ( 26)
 24 -->  60 ( 32)
 25 -->  32 ( 28)
 26 --> 168 (  3)
 27 -->  65 ( 25)
 28 -->  56 ( 20)
 28 -->  75 ( 27)
 28 --> 144 ( 18)
 29 -->   1 ( 22)
 29 -->  37 ( 23)
 29 -->  88 ( 31)
 29 -->  94 ( 31)
 29 --> 110 ( 34)
 29 --> 124 ( 20)
 29 --> 148 ( 22)
 29 --> 160 ( 23)
 30 -->   9 ( 22)
 31 --> 132 ( 22)
 32 -->  67 ( 33)
 33 -->  91 ( 30)
 35 --> 102 ( 31)
 36 -->  21 ( 29)
 37 -->   7 ( 30)
 37 -->  14 ( 28)
 37 -->  28 ( 23)
 37 --> 108 ( 29)
 37 --> 150 ( 29)
 37 --> 177 ( 19)
 38 -->   8 ( 25)
 38 --> 150 ( 30)
 38 --> 166 ( 18)
 38 --> 172 ( 31)
 39 -->  72 ( 34)
 40 -->   5 ( 29)
 41 --> 141 ( 23)
 42 -->  13 ( 38)
 43 --> 183 (  8)
 44 -->  17 ( 18)
 44 -->  46 ( 20)
 44 --> 167 ( 19)
 45 -->  47 ( 28)
 46 -->  16 ( 42)
 46 -->  17 ( 22)
 46 -->  75 ( 18)
 47 --> 128 ( 35)
 48 -->  16 ( 36)
 48 -->  23 ( 27)
 48 -->  34 ( 30)
 48 -->  54 ( 33)
 48 -->  94 ( 32)
 48 --> 108 ( 15)
 48 --> 119 ( 32)
 49 -->  82 ( 25)
 50 -->  27 ( 16)
 50 -->  38 ( 22)
 50 -->  63 ( 25)
 50 -->  79 ( 23)
 50 --> 113 ( 22)
 50 --> 137 ( 25)
 50 --> 142 ( 40)
 51 -->   3 ( 15)
 52 --> 157 ( 32)
 53 -->  69 ( 20)
 54 -->   1 ( 25)
 54 -->  46 ( 32)
 54 -->  56 ( 30)
 54 --> 145 ( 29)
 54 --> 147 ( 19)
 55 --> 127 ( 31)
 56 -->  78 ( 15)
 56 -->  87 ( 18)
 56 --> 145 ( 31)
 56 --> 163 ( 19)
 56 --> 179 ( 27)
 57 --> 155 ( 38)
 58 -->  43 ( 18)
 59 -->  45 ( 33)
 60 -->  92 ( 26)
 61 --> 125 ( 24)
 62 -->  51 ( 18)
 63 -->  58 ( 29)
 64 -->  85 ( 19)
 65 -->  61 ( 12)
 66 --> 100 ( 20)
 67 -->  86 ( 26)
 68 -->  94 ( 13)
 69 --> 185 ( 14)
 70 -->  64 ( 28)
 71 --> 181 ( 30)
 72 -->   8 ( 22)
 72 -->  30 ( 17)
 72 -->  56 ( 19)
 72 --> 113 ( 14)
 72 --> 145 (  6)
 73 -->  16 ( 28)
 73 -->  37 ( 19)
 73 -->  44 ( 20)
 73 -->  75 ( 16)
 73 --> 178 ( 23)
 74 --> 171 ( 27)
 75 -->  37 ( 27)
 76 -->  99 ( 17)
 76 --> 167 ( 35)
 77 -->  19 ( 24)
 78 --> 108 ( 11)
 78 --> 134 ( 18)
 78 --> 150 ( 31)
 79 -->  48 ( 31)
 79 -->  73 ( 13)
 79 --> 144 ( 36)
 80 -->  41 ( 26)
 81 -->  83 ( 28)
 82 -->  89 ( 25)
 83 --> 174 ( 33)
 84 -->  49 ( 32)
 85 --> 154 ( 21)
 86 -->  24 ( 40)
 87 --> 130 ( 22)
 87 --> 150 ( 19)
 88 -->   7 ( 32)
 88 -->  28 ( 18)
 88 -->  46 ( 45)
 88 -->  56 ( 11)
 88 --> 147 ( 22)
 88 --> 150 ( 28)
 88 --> 166 ( 29)
 88 --> 179 (  8)
 89 -->  71 (  7)
 90 --> 156 ( 17)
 91 -->  70 (  9)
 92 --> 153 ( 35)
 93 -->   0 ( 18)
 93 -->  14 ( 27)
 93 -->  17 ( 28)
 93 -->  48 ( 32)
 93 -->  54 (  9)
 93 --> 110 ( 30)
 93 --> 113 ( 24)
 93 --> 137 ( 28)
 93 --> 177 ( 39)
 94 -->  11 (  7)
 94 -->  77 ( 16)
 94 -->  79 ( 32)
 94 --> 108 ( 28)
 94 --> 160 ( 23)
 94 --> 179 ( 31)
 95 -->  11 ( 22)
 96 --> 103 ( 30)
 97 -->  59 ( 33)
 98 -->  37 ( 22)
 98 -->  75 ( 25)
 98 --> 110 ( 17)
 99 --> 122 ( 21)
100 --> 105 ( 19)
101 --> 120 ( 34)
102 --> 176 ( 15)
103 -->  62 ( 45)
104 --> 112 ( 11)
105 --> 143 ( 28)
106 -->  10 ( 16)
106 -->  11 ( 21)
106 -->  48 ( 29)
107 -->  76 ( 27)
108 -->  34 ( 12)
108 --> 124 ( 38)
108 --> 142 ( 10)
109 --> 107 ( 37)
110 -->  34 ( 23)
110 -->  50 (  6)
110 -->  72 ( 22)
110 -->  78 ( 35)
110 --> 113 ( 33)
111 --> 109 ( 32)
112 -->  18 ( 29)
113 -->  73 ( 34)
113 -->  75 ( 18)
113 --> 140 ( 26)
113 --> 150 ( 24)
114 --> 159 ( 19)
115 -->  15 ( 30)
116 -->   4 ( 37)
117 --> 116 ( 30)
118 -->   0 ( 31)
118 -->   6 ( 25)
118 -->  97 ( 31)
118 --> 134 ( 31)
118 --> 163 ( 36)
119 --> 150 ( 16)
119 --> 167 ( 35)
120 --> 118 ( 33)
121 --> 133 ( 36)
122 --> 149 ( 12)
123 --> 121 ( 24)
124 -->   7 ( 13)
124 -->  38 ( 24)
124 --> 177 ( 24)
125 --> 151 ( 21)
126 --> 170 ( 23)
127 --> 104 ( 23)
128 -->  50 ( 22)
129 --> 165 ( 17)
130 -->   8 ( 29)
130 -->  56 ( 41)
130 -->  75 ( 19)
130 --> 142 (  9)
130 --> 178 ( 26)
131 --> 136 ( 31)
132 -->  52 ( 20)
133 --> 139 ( 21)
134 -->  34 ( 27)
134 -->  54 ( 24)
134 --> 110 ( 35)
134 --> 137 ( 38)
134 --> 178 ( 19)
135 -->  96 ( 22)
136 -->  31 ( 25)
137 -->   6 ( 47)
137 -->   8 ( 21)
137 -->  16 ( 27)
137 -->  78 ( 27)
137 -->  79 ( 40)
137 --> 138 ( 32)
138 -->  17 ( 36)
138 --> 124 ( 22)
138 --> 147 ( 28)
138 --> 160 ( 27)
138 --> 167 (  5)
138 --> 177 ( 27)
139 -->  84 ( 29)
140 -->   1 ( 33)
140 -->   6 ( 36)
140 -->  14 ( 21)
140 --> 108 ( 14)
141 -->  90 ( 20)
142 -->  16 ( 32)
142 -->  53 ( 20)
142 -->  76 ( 20)
142 --> 114 ( 33)
142 --> 147 ( 24)
143 -->  94 ( 20)
143 --> 119 ( 28)
143 --> 179 ( 35)
143 --> 182 ( 43)
144 -->  75 ( 26)
144 --> 119 ( 28)
144 --> 148 ( 25)
145 -->  23 ( 39)
145 --> 143 ( 21)
146 -->  55 ( 32)
147 --> 106 ( 39)
147 --> 137 ( 38)
148 -->  16 ( 16)
148 -->  48 ( 36)
148 -->  76 ( 15)
149 --> 187 ( 15)
150 -->   1 ( 23)
150 -->  94 ( 21)
151 -->  33 ( 16)
152 --> 158 ( 35)
153 --> 169 ( 27)
154 --> 142 ( 28)
155 --> 146 (  6)
156 --> 129 ( 31)
157 -->  95 ( 33)
158 -->  35 ( 30)
159 --> 184 ( 38)
160 --> 106 ( 23)
161 --> 164 ( 30)
162 -->  25 ( 14)
163 -->  29 ( 24)
163 --> 148 ( 18)
164 -->  57 ( 11)
165 -->  26 ( 32)
166 -->  16 ( 18)
166 -->  29 ( 14)
166 --> 108 ( 24)
166 --> 119 ( 32)
167 --> 124 ( 29)
167 --> 150 ( 11)
168 --> 152 ( 31)
169 -->  50 ( 20)
170 -->  36 ( 29)
171 -->  81 ( 25)
172 -->  37 ( 34)
172 -->  48 ( 31)
172 -->  93 ( 17)
172 --> 119 ( 27)
173 --> 161 ( 39)
174 --> 186 ( 30)
175 -->  12 ( 31)
176 --> 126 ( 30)
177 -->   0 ( 22)
177 -->  94 ( 28)
177 --> 134 ( 21)
177 --> 137 ( 27)
177 --> 150 ( 37)
178 -->  37 ( 14)
178 -->  72 ( 15)
178 -->  98 ( 17)
178 --> 138 ( 33)
179 -->   0 ( 35)
179 -->  34 ( 32)
179 -->  50 ( 17)
180 --> 142 ( 25)
181 -->  42 ( 33)
182 -->  80 ( 47)
183 -->  20 ( 32)
184 --> 162 ( 27)
185 --> 173 ( 41)
186 -->   2 ( 39)
187 --> 175 ( 35)
