WEIGHTED DIGRAPH 198 378:
  0 --> 171 ( 25)
  1 -->  33 ( 25)
  1 -->  82 ( 26)
  1 -->  98 ( 10)
  1 --> 130 ( 31)
  1 --> 138 ( 33)
  1 --> 148 ( 25)
  1 --> 161 ( 16)
  2 -->  11 ( 38)
  3 --> 178 ( 29)
  4 -->   1 ( 24)
  4 -->  22 ( 19)
  4 -->  89 ( 34)
  4 --> 112 ( 21)
  4 --> 148 ( 33)
  5 -->  73 ( 18)
  5 --> 176 ( 27)
  5 --> 192 ( 39)
  6 -->  31 ( 16)
  7 -->  63 ( 31)
  8 -->  78 ( 30)
  9 -->  89 ( 25)
  9 --> 103 ( 12)
 10 -->  57 ( 14)
 10 --> 109 ( 26)
 10 --> 165 ( 18)
 11 --> 185 ( 17)
 12 -->  25 ( 38)
 13 -->  93 ( 28)
 13 --> 103 ( 29)
 13 --> 153 ( 15)
 13 --> 165 ( 20)
 14 --> 102 ( 13)
 15 --> 141 ( 33)
 16 -->  38 ( 38)
 17 -->  22 ( 27)
 17 --> 105 ( 18)
 17 --> 182 ( 14)
 17 --> 191 ( 23)
 18 -->  13 ( 48)
 18 -->  33 ( 20)
 18 --> 154 ( 13)
 18 --> 155 ( 20)
 18 --> 166 (  8)
 19 -->   4 (  8)
 19 -->  80 ( 28)
 19 --> 124 ( 37)
 19 --> 159 ( 31)
 19 --> 169 ( 25)
 20 --> 170 ( 31)
 21 --> 110 ( 24)
 22 -->   1 ( 15)
 22 -->  30 ( 30)
 22 -->  99 ( 27)
 22 --> 161 ( 20)
 23 --> 127 ( 11)
 24 --> 140 (  7)
 25 --> 118 ( 30)
 26 -->  71 ( 27)
 27 -->   6 ( 29)
 28 --> 195 ( 30)
 29 -->  60 ( 27)
 30 -->  84 ( 32)
 30 --> 105 ( 27)
 30 --> 142 ( 17)
 30 --> 143 ( 22)
 31 -->  81 ( 27)
 32 --> 184 ( 22)
 33 -->  22 ( 29)
 33 -->  84 ( 20)
 33 --> 148 ( 23)
 34 -->  76 ( 14)
 35 -->  87 ( 16)
 36 --> 114 ( 23)
 37 --> 157 ( 11)
 38 --> 183 ( 28)
 39 -->  10 ( 40)
 39 -->  30 ( 26)
 39 -->  77 ( 31)
 39 --> 176 ( 38)
 40 -->   1 ( 35)
 41 --> 123 ( 19)
 42 -->  65 ( 31)
 43 --> 112 ( 27)
 44 -->  19 ( 30)
 45 --> 191 ( 30)
 46 -->  70 ( 34)
 47 -->  59 ( 31)
 48 --> 150 ( 36)
 49 -->  58 ( 21)
 50 --> 182 (  7)
 51 --> 151 ( 17)
 52 -->  94 ( 27)
 53 -->   8 ( 45)
 54 --> 149 ( 35)
 55 -->  43 ( 37)
 56 -->  74 ( 16)
 56 --> 166 ( 27)
 57 -->  74 ( 16)
 57 --> 191 ( 21)
 58 --> 131 ( 19)
 59 --> 133 ( 24)
 60 --> 160 ( 32)
 61 -->   4 ( 26)
 61 --> 126 ( 31)
 61 --> 189 ( 24)
 62 --> 137 ( 32)
 63 --> 186 ( 25)
 64 --> 119 ( 36)
 65 -->  52 ( 41)
 66 -->  96 ( 13)
 67 --> 128 ( 34)
 68 -->  62 ( 26)
 69 -->  88 ( 28)
 70 -->  37 (  8)
 71 --> 136 ( 21)
 72 --> 134 ( 11)
 73 -->  57 ( 24)
 73 --> 142 ( 13)
 74 -->   4 ( 30)
 74 -->   5 ( 22)
 74 -->  17 ( 14)
 74 -->  77 ( 16)
 74 -->  84 ( 17)
 74 --> 135 ( 30)
 74 --> 166 ( 41)
 75 -->  82 ( 30)
 75 --> 197 ( 39)
 76 -->  69 ( 12)
 77 -->  82 ( 17)
 77 --> 197 (  4)
 78 --> 146 ( 29)
 79 -->   3 ( 33)
 80 --> 135 ( 25)
 80 --> 154 ( 26)
 80 --> 166 ( 20)
 80 --> 176 ( 32)
 80 --> 194 (  2)
 81 -->  36 ( 22)
 82 --> 161 ( 31)
 82 --> 177 ( 25)
 83 --> 108 ( 27)
 84 -->  10 ( 22)
 84 -->  57 ( 11)
 84 --> 177 ( 35)
 85 -->  29 ( 26)
 86 -->   9 ( 22)
 86 -->  73 ( 21)
 86 --> 189 ( 28)
 87 -->  68 ( 10)
 88 --> 121 ( 11)
 89 -->  57 ( 24)
 89 --> 131 ( 30)
 89 --> 161 ( 23)
 90 -->  92 ( 29)
 91 --> 117 ( 39)
 92 --> 196 ( 22)
 93 --> 105 ( 22)
 93 --> 109 ( 40)
 94 --> 179 ( 10)
 95 -->  99 ( 32)
 96 --> 188 ( 20)
 97 --> 187 (  7)
 98 -->  57 ( 25)
 98 --> 103 ( 18)
 98 --> 155 ( 28)
 99 -->  39 ( 23)
100 -->  24 ( 35)
101 -->  66 ( 26)
102 --> 158 ( 18)
103 -->  33 ( 34)
103 -->  61 ( 23)
103 -->  80 ( 34)
103 -->  86 ( 26)
103 --> 126 ( 18)
103 --> 130 ( 14)
103 --> 135 ( 24)
103 --> 177 ( 31)
103 --> 189 ( 15)
104 -->  46 ( 32)
105 -->   9 ( 11)
106 -->  32 ( 34)
107 -->  80 ( 33)
108 -->  12 ( 25)
109 -->  75 ( 22)
109 --> 105 ( 18)
109 --> 131 ( 21)
109 --> 153 ( 21)
110 --> 132 ( 26)
111 -->  44 ( 15)
112 -->  39 ( 35)
112 -->  72 ( 10)
112 --> 103 ( 22)
112 --> 139 ( 24)
112 --> 142 ( 38)
112 --> 166 ( 20)
112 --> 169 ( 24)
112 --> 176 ( 29)
113 --> 145 ( 14)
114 --> 111 ( 22)
115 --> 113 ( 35)
116 --> 172 ( 36)
117 -->  53 ( 13)
118 --> 175 ( 23)
119 -->  79 ( 31)
120 --> 180 ( 11)
121 -->  20 ( 19)
122 -->  51 ( 32)
123 -->  67 ( 20)
124 -->  10 ( 37)
124 -->  22 ( 29)
124 --> 126 ( 25)
124 --> 148 ( 24)
124 --> 161 ( 21)
125 -->  54 ( 28)
126 -->  30 ( 11)
126 -->  39 ( 22)
126 --> 177 ( 23)
126 --> 189 ( 26)
127 --> 193 ( 22)
128 --> 197 ( 26)
129 --> 147 ( 19)
130 -->   7 ( 26)
130 -->  95 ( 24)
130 --> 105 ( 12)
131 -->  30 ( 36)
131 -->  48 ( 18)
131 -->  80 (  9)
131 --> 130 ( 23)
131 --> 163 ( 20)
131 --> 166 ( 27)
131 --> 177 ( 25)
132 --> 129 ( 28)
133 --> 120 ( 27)
134 -->  28 ( 17)
135 --> 124 ( 16)
135 --> 143 ( 36)
135 --> 155 ( 22)
135 --> 161 ( 25)
135 --> 165 ( 18)
135 --> 191 ( 44)
136 --> 116 ( 31)
137 --> 130 (  6)
138 --> 106 ( 31)
139 -->   5 ( 14)
139 -->  39 ( 21)
139 -->  75 ( 41)
139 -->  82 ( 29)
139 --> 126 ( 30)
139 --> 154 ( 30)
139 --> 169 ( 42)
140 -->  97 ( 25)
141 -->  41 ( 26)
142 -->  89 ( 29)
142 -->  93 ( 23)
142 -->  95 ( 34)
142 --> 135 ( 12)
142 --> 153 ( 26)
142 --> 192 ( 17)
143 -->   1 ( 30)
143 -->  13 ( 15)
143 -->  75 ( 24)
143 -->  82 ( 11)
143 -->  95 ( 26)
143 --> 163 ( 19)
143 --> 165 ( 34)
143 --> 191 ( 37)
144 --> 162 ( 12)
145 -->  35 ( 40)
146 --> 181 ( 31)
147 -->  90 ( 22)
148 -->  22 ( 29)
148 --> 139 ( 22)
148 --> 154 ( 30)
148 --> 174 ( 18)
148 --> 177 ( 20)
148 --> 192 ( 28)
149 -->  23 ( 18)
150 -->  27 ( 21)
151 -->  34 ( 40)
152 -->  21 ( 13)
153 -->  17 ( 30)
153 --> 130 ( 30)
154 -->   9 ( 15)
154 -->  30 ( 22)
154 -->  86 ( 20)
154 --> 109 ( 38)
154 --> 177 ( 24)
155 -->   5 ( 27)
155 -->  10 ( 35)
155 --> 161 ( 22)
155 --> 163 ( 22)
156 -->  47 ( 21)
157 -->  16 ( 26)
158 --> 122 ( 11)
159 --> 101 ( 19)
160 --> 156 ( 13)
161 -->  19 ( 29)
161 -->  98 ( 21)
161 -->  99 ( 27)
161 --> 148 ( 31)
162 -->  26 ( 13)
163 -->   1 ( 13)
163 -->  22 ( 25)
163 -->  50 ( 28)
163 -->  82 ( 16)
163 --> 182 ( 26)
164 --> 176 ( 15)
165 -->  17 ( 21)
165 -->  99 ( 27)
165 --> 161 ( 36)
165 --> 176 ( 17)
166 -->  95 ( 37)
167 -->  14 ( 18)
168 --> 182 ( 20)
170 --> 100 ( 19)
171 -->  91 ( 22)
172 --> 168 ( 23)
173 -->  49 ( 28)
174 -->  18 ( 23)
174 -->  98 ( 28)
175 --> 152 ( 38)
176 -->   0 ( 19)
176 -->   9 ( 18)
176 -->  77 ( 20)
176 -->  93 ( 21)
176 --> 126 ( 20)
176 --> 154 ( 17)
176 --> 163 ( 26)
176 --> 182 ( 39)
176 --> 197 ( 22)
177 -->   1 ( 32)
177 --> 135 ( 38)
178 --> 173 ( 38)
179 -->  85 ( 22)
180 --> 107 ( 48)
181 -->  45 ( 24)
182 -->  15 ( 28)
182 -->  77 ( 26)
182 --> 112 ( 29)
182 --> 131 ( 37)
182 --> 139 ( 28)
182 --> 143 ( 26)
183 --> 164 ( 29)
184 --> 115 ( 20)
185 -->  64 ( 28)
186 --> 125 ( 23)
187 -->  55 ( 18)
188 -->   2 ( 27)
189 -->  39 ( 33)
189 -->  75 ( 13)
189 --> 148 ( 35)
189 --> 182 ( 23)
189 --> 197 ( 40)
190 -->  57 ( 22)
190 -->  95 ( 24)
190 --> 155 ( 17)
190 --> 182 ( 34)
191 -->   4 ( 28)
191 -->  22 ( 28)
191 -->  74 ( 25)
191 -->  83 ( 21)
191 --> 176 ( 28)
192 -->  80 ( 26)
192 --> 131 ( 17)
192 --> 174 ( 20)
192 --> 176 ( 24)
193 -->  40 ( 24)
194 --> 167 ( 19)
195 -->  42 ( 30)
196 --> 104 ( 11)
197 -->  56 ( 17)
197 -->  61 ( 25)
197 -->  82 ( 26)
197 -->  93 ( 40)
197 --> 109 ( 19)
197 --> 139 ( 46)
197 --> 144 ( 18)
