WEIGHTED DIGRAPH 216 396:
  0 -->  20 ( 15)
  0 --> 122 ( 24)
  1 --> 193 ( 34)
  2 -->  45 ( 39)
  2 -->  58 ( 25)
  2 --> 195 (  8)
  2 --> 201 ( 14)
  3 -->  57 ( 28)
  4 --> 140 ( 20)
  5 --> 164 ( 34)
  6 --> 199 ( 20)
  7 --> 150 ( 24)
  8 -->  40 ( 37)
  8 -->  61 ( 28)
  8 -->  75 ( 22)
  8 --> 102 ( 19)
  8 --> 117 ( 27)
  8 --> 162 ( 27)
  8 --> 204 ( 28)
  9 -->   3 ( 28)
 10 -->  73 ( 29)
 11 -->  93 ( 29)
 12 -->  34 ( 32)
 13 --> 181 ( 24)
 14 --> 188 ( 13)
 15 --> 115 ( 18)
 16 -->  41 ( 34)
 17 --> 163 ( 31)
 18 --> 153 ( 23)
 19 -->  97 ( 38)
 20 -->  98 ( 22)
 20 --> 120 ( 40)
 20 --> 170 ( 33)
 21 --> 190 ( 28)
 22 -->  85 ( 24)
 23 -->  77 (  5)
 24 -->  88 ( 36)
 24 --> 113 ( 27)
 24 --> 204 ( 18)
 25 -->  18 ( 39)
 26 --> 152 ( 28)
 27 --> 148 ( 23)
 28 -->  83 ( 29)
 29 --> 215 ( 23)
 30 --> 122 ( 14)
 30 --> 124 ( 30)
 31 -->  72 ( 33)
 33 -->  61 ( 24)
 33 --> 139 ( 19)
 34 -->  25 ( 33)
 35 -->  81 ( 32)
 36 -->  32 ( 22)
 36 -->  40 ( 35)
 36 -->  79 ( 34)
 36 -->  84 ( 21)
 36 --> 102 ( 26)
 36 --> 168 ( 42)
 36 --> 201 ( 27)
 37 --> 138 ( 24)
 38 -->  62 ( 28)
 39 -->   5 ( 16)
 40 --> 124 ( 31)
 41 --> 211 ( 40)
 42 --> 161 ( 39)
 43 -->  24 ( 38)
 43 -->  40 ( 23)
 43 --> 125 ( 14)
 43 --> 201 ( 15)
 44 --> 167 ( 35)
 45 -->  32 ( 22)
 45 -->  86 ( 24)
 45 --> 209 ( 11)
 46 --> 204 ( 21)
 47 --> 184 ( 20)
 48 -->  24 ( 23)
 48 -->  95 ( 33)
 48 --> 102 ( 21)
 49 --> 208 ( 27)
 50 -->  56 ( 21)
 51 --> 155 ( 22)
 52 --> 136 ( 26)
 53 -->   8 (  6)
 53 --> 112 ( 11)
 53 --> 122 ( 35)
 53 --> 130 ( 27)
 53 --> 189 ( 19)
 54 -->   6 ( 48)
 55 --> 207 ( 24)
 56 --> 110 ( 38)
 57 -->  49 ( 20)
 58 --> 131 ( 16)
 59 -->   2 ( 20)
 59 -->  40 ( 24)
 59 -->  63 ( 28)
 59 -->  95 ( 33)
 59 --> 160 ( 26)
 60 -->   2 ( 22)
 61 -->  20 ( 41)
 61 -->  30 (  6)
 61 -->  98 ( 23)
 61 --> 189 ( 21)
 62 -->  51 ( 23)
 63 -->  24 ( 37)
 63 -->  30 ( 29)
 63 -->  36 ( 21)
 63 -->  95 ( 34)
 63 --> 126 ( 34)
 63 --> 162 ( 32)
 63 --> 168 ( 32)
 64 -->  20 ( 39)
 64 --> 122 ( 31)
 64 --> 126 ( 32)
 64 --> 127 ( 34)
 64 --> 130 ( 37)
 64 --> 205 ( 16)
 65 -->  87 ( 32)
 66 --> 212 ( 29)
 67 -->  11 ( 19)
 68 --> 111 ( 22)
 69 -->  19 ( 37)
 70 -->  30 ( 22)
 70 --> 168 ( 21)
 70 --> 209 (  8)
 71 --> 174 ( 31)
 72 -->  35 ( 28)
 73 -->  67 ( 12)
 74 -->  60 ( 27)
 75 -->  86 ( 39)
 75 -->  90 ( 32)
 75 --> 112 ( 31)
 75 --> 120 ( 25)
 75 --> 130 ( 24)
 75 --> 204 ( 13)
 75 --> 209 ( 34)
 76 --> 143 ( 28)
 77 -->  91 ( 26)
 78 --> 169 ( 35)
 79 -->  40 ( 27)
 79 -->  53 ( 25)
 79 -->  63 ( 22)
 79 --> 112 ( 25)
 79 --> 168 ( 31)
 80 --> 122 ( 31)
 80 --> 151 ( 18)
 81 --> 154 ( 34)
 82 --> 195 ( 41)
 83 -->  65 ( 18)
 84 -->  45 ( 34)
 84 --> 120 ( 39)
 84 --> 122 ( 28)
 84 --> 139 ( 31)
 85 --> 100 (  7)
 86 --> 162 ( 10)
 86 --> 178 ( 15)
 86 --> 204 ( 21)
 87 -->  59 ( 18)
 88 -->  48 ( 30)
 88 -->  89 ( 27)
 88 --> 139 ( 32)
 88 --> 198 ( 33)
 89 -->  75 ( 31)
 89 --> 162 ( 15)
 89 --> 201 ( 19)
 90 -->  33 ( 24)
 90 --> 205 ( 23)
 91 --> 157 ( 34)
 92 --> 183 ( 38)
 93 -->  29 ( 22)
 94 -->  28 ( 14)
 95 --> 117 ( 13)
 95 --> 214 ( 33)
 96 --> 107 ( 12)
 97 --> 147 ( 35)
 98 -->   0 ( 31)
 98 -->   8 ( 25)
 98 -->  24 ( 19)
 98 -->  30 ( 20)
 98 -->  48 ( 13)
 98 -->  53 ( 40)
 98 -->  64 ( 15)
 98 -->  86 ( 37)
 98 --> 139 ( 27)
 98 --> 189 ( 25)
 99 -->  26 ( 20)
100 -->  36 ( 17)
100 -->  50 ( 34)
100 -->  64 ( 40)
100 -->  84 ( 23)
100 --> 113 ( 30)
100 --> 117 ( 30)
100 --> 201 ( 28)
100 --> 214 ( 26)
101 -->  12 ( 19)
102 -->  45 ( 29)
103 -->  47 ( 33)
104 -->  94 ( 14)
105 -->  66 ( 15)
106 -->  13 ( 18)
107 --> 123 ( 44)
108 --> 137 ( 31)
109 --> 102 ( 28)
110 --> 179 ( 22)
111 --> 200 ( 35)
112 -->   7 ( 25)
112 -->  30 ( 28)
112 --> 168 ( 30)
113 -->  61 ( 25)
113 -->  75 ( 22)
113 -->  88 ( 31)
113 --> 176 ( 23)
113 --> 195 ( 46)
114 -->  10 ( 23)
115 --> 132 ( 26)
116 --> 175 ( 18)
117 -->   0 ( 29)
117 -->   2 ( 24)
117 -->  40 ( 34)
117 --> 214 ( 28)
118 -->  54 ( 12)
119 --> 194 ( 25)
120 -->  32 ( 16)
120 -->  86 ( 27)
120 --> 102 ( 46)
120 --> 198 ( 27)
121 --> 133 ( 30)
122 -->  89 (  4)
122 --> 124 ( 24)
123 --> 112 ( 32)
124 -->  53 ( 20)
125 -->   0 ( 45)
125 -->  20 ( 15)
125 -->  33 ( 34)
125 -->  36 ( 13)
125 --> 109 ( 17)
125 --> 139 ( 27)
125 --> 209 ( 38)
126 -->   8 ( 24)
126 -->  88 ( 29)
126 -->  95 ( 34)
126 --> 117 ( 28)
127 -->  70 ( 26)
127 -->  80 ( 29)
127 -->  98 (  9)
128 --> 145 ( 36)
129 --> 114 ( 18)
130 -->  30 ( 31)
130 -->  80 ( 14)
130 --> 109 ( 27)
131 --> 166 ( 18)
132 --> 106 ( 19)
133 -->  22 ( 21)
134 --> 144 ( 16)
135 -->   4 ( 35)
136 -->  39 ( 19)
137 -->  69 ( 23)
138 --> 206 ( 23)
139 -->   8 ( 21)
139 -->  63 ( 35)
139 -->  95 ( 18)
139 --> 127 ( 29)
140 -->  44 ( 24)
141 --> 171 ( 19)
142 --> 202 ( 30)
143 --> 189 ( 28)
144 -->  38 ( 17)
145 --> 185 ( 14)
146 --> 158 ( 14)
147 --> 173 ( 28)
148 -->  16 ( 33)
149 --> 116 ( 31)
150 -->   1 ( 30)
151 -->   2 ( 17)
151 -->  30 ( 23)
151 -->  46 ( 23)
151 --> 100 ( 27)
151 --> 127 ( 12)
152 -->  27 ( 18)
153 --> 113 ( 20)
154 --> 118 ( 33)
155 -->  17 ( 26)
156 --> 129 ( 43)
157 --> 119 ( 36)
158 --> 165 ( 28)
159 -->  92 ( 18)
160 --> 187 ( 32)
161 -->  82 ( 24)
162 -->   0 ( 17)
162 --> 168 ( 32)
163 -->  71 ( 35)
164 -->  76 ( 15)
165 --> 149 ( 25)
166 --> 210 ( 19)
167 -->  21 ( 34)
168 -->   0 ( 15)
168 -->  30 ( 30)
168 -->  80 ( 22)
168 --> 100 ( 22)
168 --> 113 ( 27)
168 --> 180 ( 23)
168 --> 195 ( 28)
169 --> 189 ( 20)
170 -->  64 ( 29)
170 -->  75 ( 10)
170 --> 109 ( 15)
171 --> 196 ( 41)
172 --> 159 ( 24)
173 --> 135 ( 39)
174 -->  14 ( 26)
175 --> 121 ( 21)
176 --> 172 ( 16)
177 -->  78 (  7)
178 -->  24 ( 28)
178 -->  45 ( 33)
178 --> 113 ( 27)
178 --> 170 ( 16)
179 --> 191 ( 21)
180 -->  63 ( 35)
180 -->  86 ( 26)
180 -->  95 ( 37)
180 --> 126 ( 12)
180 --> 178 ( 18)
180 --> 185 ( 25)
181 --> 192 ( 30)
182 -->  68 ( 38)
183 --> 197 ( 20)
184 -->  23 ( 30)
185 -->  32 ( 43)
185 -->  33 ( 15)
185 -->  43 ( 31)
185 -->  61 ( 14)
185 -->  89 ( 14)
185 --> 142 ( 19)
186 --> 104 ( 32)
187 --> 141 ( 40)
188 --> 177 ( 23)
189 --> 109 ( 24)
189 --> 117 ( 26)
189 --> 182 ( 15)
189 --> 204 ( 35)
189 --> 213 ( 38)
190 -->  53 ( 27)
190 -->  61 ( 22)
190 -->  84 ( 35)
190 -->  89 ( 26)
190 -->  95 ( 10)
190 --> 109 ( 18)
190 --> 126 ( 25)
190 --> 134 ( 15)
190 --> 168 ( 40)
190 --> 198 ( 24)
190 --> 209 ( 34)
191 --> 103 ( 29)
192 --> 128 ( 23)
193 -->   9 ( 37)
194 --> 203 ( 42)
195 -->  40 (  6)
195 -->  59 ( 17)
195 -->  84 ( 10)
195 -->  99 ( 22)
195 --> 204 ( 13)
196 -->  55 ( 25)
197 -->  15 ( 42)
198 -->  24 ( 28)
198 -->  30 ( 23)
198 -->  75 ( 31)
198 -->  79 ( 25)
198 -->  90 ( 34)
198 --> 122 ( 18)
198 --> 168 ( 33)
199 --> 101 ( 26)
200 --> 156 ( 30)
201 -->  33 ( 24)
201 -->  59 ( 29)
201 -->  64 ( 33)
201 --> 113 ( 29)
202 -->  31 ( 11)
203 --> 105 ( 33)
204 -->  33 ( 23)
204 -->  63 ( 22)
204 -->  70 ( 14)
204 --> 178 ( 35)
205 -->  45 ( 19)
205 --> 204 ( 31)
206 --> 108 ( 24)
207 -->  74 ( 15)
208 --> 146 ( 22)
209 -->  89 ( 33)
210 --> 186 ( 43)
211 -->  52 ( 30)
212 -->  96 ( 15)
213 -->  37 ( 29)
214 -->  24 ( 24)
214 --> 102 ( 32)
214 --> 109 ( 20)
214 --> 122 ( 13)
215 -->  42 ( 28)
