WEIGHTED DIGRAPH 176 356:
  0 -->  16 ( 22)
  0 -->  35 ( 18)
  0 -->  40 ( 19)
  0 --> 161 ( 19)
  1 -->  32 ( 25)
  2 -->  22 ( 42)
  3 -->  15 ( 25)
  4 -->  26 ( 18)
  5 -->  14 ( 43)
  5 -->  18 ( 36)
  6 -->  99 ( 27)
  6 --> 105 ( 27)
  6 --> 120 ( 32)
  6 --> 165 ( 25)
  7 --> 169 ( 15)
  8 -->  73 ( 19)
  9 -->  60 ( 19)
 10 --> 155 ( 21)
 11 -->   5 (  3)
 11 --> 128 ( 33)
 12 --> 121 ( 28)
 13 --> 111 ( 20)
 14 -->  50 ( 25)
 14 -->  51 ( 24)
 14 -->  61 ( 23)
 14 -->  64 ( 12)
 14 --> 105 ( 37)
 14 --> 163 ( 35)
 14 --> 165 ( 29)
 15 -->  83 ( 21)
 16 -->   5 ( 25)
 16 --> 102 ( 25)
 16 --> 117 ( 13)
 16 --> 173 ( 44)
 17 --> 166 ( 20)
 18 -->  22 ( 26)
 18 -->  69 (  6)
 18 --> 108 ( 42)
 18 --> 118 ( 41)
 18 --> 143 ( 15)
 18 --> 161 ( 24)
 19 -->  38 ( 35)
 19 -->  50 ( 25)
 19 -->  78 ( 25)
 19 -->  84 ( 19)
 19 --> 105 ( 40)
 19 --> 127 ( 24)
 20 -->  30 ( 30)
 21 --> 116 ( 24)
 22 -->  20 ( 32)
 22 -->  23 ( 19)
 23 -->  33 ( 28)
 23 -->  38 ( 13)
 23 -->  80 ( 19)
 23 -->  87 ( 18)
 24 --> 130 ( 25)
 25 -->  11 ( 15)
 25 -->  14 ( 29)
 25 -->  61 ( 35)
 25 -->  80 ( 21)
 25 --> 163 ( 11)
 26 -->   3 ( 31)
 27 -->   0 ( 30)
 27 -->  76 ( 31)
 27 -->  78 ( 18)
 27 --> 117 ( 27)
 27 --> 118 ( 34)
 27 --> 160 ( 25)
 28 -->  67 ( 30)
 29 -->   1 ( 33)
 30 --> 119 ( 36)
 31 --> 164 ( 13)
 32 --> 138 ( 15)
 33 -->  18 ( 18)
 33 -->  25 ( 26)
 33 -->  44 ( 24)
 33 -->  50 ( 30)
 33 -->  59 ( 28)
 33 -->  90 ( 14)
 33 -->  98 ( 35)
 33 --> 173 ( 36)
 34 --> 134 ( 18)
 35 -->   6 ( 32)
 35 -->  16 ( 29)
 35 -->  44 ( 29)
 35 -->  65 ( 30)
 35 -->  75 ( 26)
 35 --> 160 ( 35)
 35 --> 175 ( 36)
 36 -->  53 ( 26)
 37 -->  47 ( 29)
 38 --> 127 ( 37)
 38 --> 165 ( 26)
 39 --> 156 ( 17)
 40 -->  16 ( 23)
 40 -->  27 ( 27)
 40 -->  35 ( 23)
 40 -->  84 ( 20)
 40 -->  94 ( 17)
 41 -->  66 ( 27)
 42 -->  63 ( 16)
 43 -->  45 ( 35)
 44 -->   0 ( 14)
 44 -->  51 ( 32)
 44 -->  69 ( 20)
 44 -->  78 ( 29)
 44 --> 151 ( 15)
 45 --> 128 ( 14)
 46 -->  31 ( 34)
 47 -->  82 ( 30)
 48 --> 126 ( 19)
 49 -->  36 ( 41)
 50 -->   0 ( 19)
 50 -->   6 ( 31)
 50 -->  87 ( 20)
 50 -->  94 ( 25)
 50 -->  98 ( 18)
 50 --> 129 ( 20)
 50 --> 173 ( 25)
 51 -->  25 ( 21)
 51 -->  35 ( 35)
 51 -->  50 ( 13)
 51 -->  97 ( 26)
 51 --> 129 ( 18)
 51 --> 154 ( 35)
 51 --> 161 ( 34)
 52 -->  58 ( 37)
 53 --> 147 ( 17)
 54 --> 158 ( 36)
 55 -->  23 ( 30)
 55 -->  78 ( 26)
 55 -->  93 ( 33)
 55 --> 120 ( 27)
 55 --> 141 ( 38)
 56 -->  48 ( 37)
 57 -->  50 ( 27)
 57 --> 165 ( 41)
 58 --> 136 ( 35)
 59 --> 137 ( 25)
 60 --> 149 ( 11)
 61 -->  51 ( 23)
 61 --> 129 ( 26)
 61 --> 143 ( 22)
 62 --> 153 ( 18)
 63 --> 115 ( 15)
 64 -->  19 ( 30)
 64 -->  80 (  3)
 64 -->  97 ( 34)
 64 --> 102 ( 24)
 64 --> 161 ( 19)
 65 -->  68 ( 22)
 66 --> 104 ( 20)
 67 --> 152 ( 19)
 68 -->  12 ( 33)
 69 -->   5 ( 20)
 69 -->  14 ( 23)
 69 -->  19 ( 32)
 69 -->  72 ( 32)
 69 -->  80 ( 15)
 69 --> 102 ( 21)
 69 --> 148 ( 34)
 69 --> 170 ( 35)
 70 -->  35 ( 21)
 71 --> 150 (  9)
 72 -->  19 ( 22)
 72 -->  40 ( 27)
 72 -->  50 ( 28)
 73 -->  33 ( 18)
 74 --> 127 ( 24)
 75 --> 146 ( 14)
 76 -->  61 ( 37)
 77 -->  10 ( 14)
 79 --> 145 ( 30)
 80 -->  22 ( 27)
 80 -->  57 ( 26)
 80 -->  72 ( 35)
 80 --> 112 ( 27)
 80 --> 161 ( 18)
 81 -->  95 ( 29)
 82 --> 139 ( 45)
 83 --> 171 ( 19)
 84 -->  80 ( 28)
 84 --> 100 ( 39)
 84 --> 163 ( 19)
 85 -->  52 ( 28)
 86 --> 172 ( 16)
 87 -->  44 ( 38)
 87 -->  99 ( 25)
 88 -->  62 ( 27)
 89 --> 125 (  7)
 90 -->  16 ( 30)
 90 -->  64 ( 21)
 90 -->  72 ( 29)
 90 --> 108 ( 19)
 90 --> 117 ( 28)
 91 -->  54 ( 37)
 92 --> 162 ( 29)
 93 -->  84 ( 16)
 93 --> 117 ( 39)
 94 -->   0 ( 29)
 94 -->   6 ( 39)
 94 -->  44 ( 20)
 95 --> 165 ( 23)
 96 --> 144 ( 23)
 97 -->  87 (  6)
 97 --> 100 ( 14)
 97 --> 105 ( 18)
 97 --> 141 ( 23)
 97 --> 151 ( 10)
 98 --> 173 ( 36)
 99 -->   0 ( 36)
 99 -->  50 ( 34)
 99 -->  64 ( 43)
 99 -->  72 ( 12)
 99 -->  97 ( 16)
 99 --> 110 ( 24)
 99 --> 127 ( 30)
 99 --> 151 ( 24)
100 -->  25 ( 30)
100 -->  57 ( 18)
100 -->  80 ( 24)
100 --> 108 ( 38)
100 --> 157 ( 42)
101 --> 135 ( 30)
102 --> 120 ( 12)
102 --> 129 ( 32)
103 -->   8 ( 35)
104 -->  51 ( 23)
105 -->  27 ( 26)
105 -->  55 ( 29)
106 -->   4 ( 25)
107 --> 167 ( 44)
108 -->  33 ( 29)
108 --> 128 ( 39)
109 -->   9 ( 25)
110 -->  72 ( 30)
110 -->  80 ( 19)
110 --> 128 (  8)
110 --> 143 ( 19)
111 --> 132 ( 14)
112 -->  14 ( 28)
112 -->  33 ( 19)
112 -->  94 ( 38)
112 --> 175 ( 28)
113 --> 161 ( 20)
114 -->  89 ( 28)
115 -->  88 ( 28)
116 -->  77 ( 32)
117 -->  33 ( 25)
117 -->  50 ( 20)
117 -->  72 ( 31)
117 -->  98 ( 16)
117 --> 151 ( 36)
117 --> 175 ( 32)
118 --> 100 ( 29)
118 --> 108 ( 29)
118 --> 127 ( 27)
118 --> 151 (  9)
118 --> 175 ( 25)
119 --> 140 ( 37)
120 -->  97 ( 21)
121 --> 103 ( 14)
122 -->  96 ( 38)
123 -->  85 ( 38)
124 -->  41 ( 26)
125 -->  34 ( 29)
126 -->  46 ( 33)
127 -->  92 ( 28)
127 --> 102 ( 24)
127 --> 143 ( 35)
128 -->  42 ( 22)
128 -->  44 ( 17)
128 -->  84 ( 17)
128 -->  87 ( 31)
128 --> 118 ( 16)
128 --> 163 ( 25)
128 --> 165 ( 21)
129 -->  25 ( 19)
129 -->  87 ( 19)
129 --> 161 ( 24)
130 --> 107 ( 37)
131 -->  98 ( 30)
131 --> 110 ( 34)
131 --> 157 ( 16)
132 --> 124 ( 11)
133 -->  21 ( 27)
134 -->  35 ( 16)
135 --> 159 ( 17)
136 --> 113 ( 27)
137 -->  86 ( 21)
138 --> 168 ( 24)
139 -->   7 ( 30)
140 -->  70 ( 36)
141 -->  78 (  5)
141 -->  93 ( 20)
141 --> 100 ( 17)
141 --> 128 ( 32)
141 --> 131 (  6)
141 --> 170 ( 43)
142 -->   2 (  4)
143 -->  11 ( 33)
143 -->  44 ( 24)
143 -->  87 ( 30)
144 -->  56 ( 20)
145 -->  69 ( 27)
146 -->  17 ( 41)
147 -->  13 ( 34)
148 --> 123 ( 26)
149 -->  37 ( 34)
150 --> 106 ( 27)
151 -->  72 ( 28)
151 --> 112 ( 30)
151 --> 141 ( 11)
152 --> 174 ( 35)
153 --> 101 ( 35)
154 -->  24 ( 36)
155 -->  49 ( 25)
156 -->  81 ( 36)
157 -->  22 ( 12)
157 -->  35 ( 26)
157 --> 161 ( 49)
157 --> 170 ( 10)
158 -->  79 ( 29)
159 -->  28 (  4)
160 --> 131 ( 33)
160 --> 141 ( 38)
161 -->  40 ( 21)
161 -->  91 ( 29)
161 -->  93 ( 30)
161 --> 105 ( 13)
162 -->  29 ( 25)
163 -->  50 ( 24)
163 -->  87 ( 28)
163 --> 120 ( 35)
164 --> 142 ( 29)
165 --> 133 ( 23)
165 --> 160 ( 16)
165 --> 163 ( 30)
165 --> 173 ( 30)
166 --> 122 ( 15)
167 --> 109 ( 29)
168 -->  43 ( 29)
169 -->  39 ( 22)
170 -->   0 ( 27)
170 -->   5 ( 28)
170 -->  18 ( 29)
170 -->  55 ( 25)
170 --> 128 ( 21)
171 -->  74 ( 35)
172 --> 114 ( 24)
174 -->  71 ( 24)
175 -->  27 ( 27)
175 -->  94 ( 20)
175 -->  99 ( 17)
175 --> 128 ( 37)
175 --> 160 ( 36)
