WEIGHTED DIGRAPH 180 360:
  0 -->  71 ( 19)
  0 --> 102 ( 22)
  0 --> 130 ( 24)
  0 --> 149 ( 10)
  0 --> 170 ( 36)
  1 -->  88 ( 20)
  1 -->  96 ( 29)
  2 -->  63 ( 21)
  3 --> 141 ( 30)
  4 --> 124 ( 36)
  5 -->  36 ( 20)
  6 -->  20 (  6)
  6 -->  71 ( 25)
  6 --> 167 ( 23)
  7 --> 138 ( 27)
  8 --> 113 ( 13)
  9 -->  87 ( 43)
 10 -->  81 ( 23)
 11 -->  15 ( 14)
 11 -->  19 ( 21)
 11 -->  44 ( 42)
 11 -->  61 ( 25)
 11 --> 116 ( 39)
 11 --> 175 ( 39)
 12 -->  55 ( 28)
 13 --> 139 ( 31)
 14 -->  46 ( 29)
 15 --> 165 ( 20)
 16 -->  79 ( 18)
 17 -->  44 ( 31)
 17 --> 157 ( 35)
 17 --> 160 ( 18)
 17 --> 165 ( 15)
 18 -->  76 ( 18)
 19 -->   0 ( 24)
 19 -->  48 ( 26)
 19 -->  66 (  9)
 19 -->  97 ( 31)
 19 --> 107 ( 23)
 19 --> 126 ( 28)
 19 --> 136 ( 29)
 20 -->   1 ( 22)
 20 -->  15 ( 21)
 20 -->  30 ( 29)
 20 --> 148 ( 27)
 20 --> 177 ( 41)
 21 -->  89 ( 28)
 22 --> 133 ( 30)
 23 -->  90 ( 27)
 24 -->  73 ( 15)
 25 --> 132 (  7)
 26 --> 158 ( 21)
 27 -->  98 ( 11)
 28 --> 103 ( 39)
 29 --> 135 ( 15)
 30 -->   1 ( 19)
 30 -->  10 ( 11)
 30 -->  37 ( 20)
 30 -->  74 ( 28)
 30 --> 126 ( 25)
 30 --> 136 ( 16)
 30 --> 170 ( 22)
 30 --> 173 ( 21)
 31 -->  32 ( 22)
 32 -->  60 ( 31)
 33 --> 166 ( 27)
 34 --> 112 ( 27)
 35 --> 168 ( 24)
 36 -->  83 ( 20)
 37 -->  91 ( 35)
 37 --> 147 ( 34)
 38 -->  49 ( 28)
 39 --> 143 ( 20)
 40 -->  31 (  5)
 41 -->  14 ( 29)
 41 -->  61 ( 22)
 41 -->  92 ( 20)
 41 --> 147 ( 35)
 42 -->  35 ( 23)
 42 -->  41 ( 31)
 42 -->  66 ( 29)
 43 --> 147 ( 32)
 44 --> 113 ( 38)
 44 --> 130 ( 29)
 44 --> 152 ( 30)
 45 -->   7 ( 23)
 46 --> 153 ( 22)
 47 -->  71 ( 13)
 47 --> 149 ( 16)
 47 --> 178 ( 18)
 48 -->  96 ( 11)
 49 -->   2 ( 27)
 50 -->  35 ( 21)
 51 -->  78 ( 23)
 52 -->  34 ( 26)
 53 --> 107 ( 27)
 53 --> 116 ( 32)
 53 --> 122 ( 22)
 54 -->  43 ( 34)
 55 --> 151 ( 27)
 56 -->  58 ( 22)
 57 -->  56 ( 12)
 58 --> 142 ( 20)
 59 -->  98 ( 21)
 60 --> 117 ( 21)
 61 -->  19 ( 20)
 61 -->  44 ( 22)
 61 -->  74 ( 26)
 61 --> 114 ( 31)
 61 --> 177 ( 24)
 62 -->   8 ( 14)
 63 -->  70 ( 19)
 64 --> 116 ( 32)
 65 -->  27 ( 32)
 66 -->  30 ( 15)
 66 -->  85 ( 10)
 66 --> 147 ( 17)
 66 --> 160 ( 12)
 66 --> 162 ( 38)
 67 -->  11 ( 27)
 67 -->  97 ( 40)
 67 -->  98 ( 17)
 68 -->   3 ( 32)
 69 --> 100 ( 29)
 70 -->  22 ( 27)
 71 -->  41 ( 32)
 71 -->  42 ( 25)
 71 --> 172 ( 22)
 72 -->  38 ( 20)
 73 --> 179 ( 28)
 74 -->   0 ( 34)
 74 -->  17 ( 19)
 74 --> 175 ( 21)
 75 --> 134 ( 37)
 76 --> 106 ( 38)
 77 -->  15 (  9)
 77 -->  30 ( 31)
 77 -->  41 ( 24)
 77 -->  61 ( 16)
 77 -->  66 ( 28)
 77 -->  86 ( 28)
 77 --> 147 ( 15)
 77 --> 170 ( 19)
 78 -->  30 (  7)
 79 -->  13 ( 21)
 80 --> 118 ( 30)
 81 --> 161 ( 33)
 82 --> 140 ( 32)
 83 --> 144 ( 24)
 84 --> 156 ( 22)
 85 -->   0 ( 27)
 85 -->  35 ( 11)
 85 -->  42 ( 27)
 85 -->  77 ( 27)
 86 -->  19 ( 21)
 86 --> 113 ( 19)
 86 --> 165 ( 24)
 87 -->  39 ( 20)
 88 --> 147 ( 20)
 88 --> 149 ( 30)
 89 -->  51 ( 26)
 90 -->  29 ( 34)
 91 -->   0 ( 39)
 91 -->   6 ( 31)
 91 -->  35 ( 41)
 91 -->  96 ( 26)
 91 --> 122 ( 35)
 91 --> 172 ( 35)
 92 --> 131 ( 23)
 93 -->  68 ( 32)
 94 --> 164 ( 24)
 95 -->  17 ( 19)
 95 -->  48 ( 15)
 95 -->  67 ( 21)
 95 -->  71 ( 29)
 95 -->  97 ( 37)
 95 --> 173 ( 10)
 95 --> 176 ( 33)
 96 --> 136 ( 35)
 96 --> 177 ( 34)
 97 -->   0 (  6)
 97 -->   1 ( 10)
 97 -->  30 ( 31)
 97 --> 102 (  6)
 97 --> 178 ( 20)
 98 -->  33 ( 22)
 98 -->  52 ( 16)
 98 --> 122 ( 39)
 98 --> 177 ( 21)
 98 --> 178 (  9)
 99 -->  41 ( 11)
100 -->  41 ( 30)
101 -->  80 ( 21)
102 -->  11 ( 25)
102 -->  71 ( 29)
102 -->  98 ( 27)
103 --> 128 ( 30)
104 -->  12 ( 15)
105 -->  23 ( 38)
106 -->   5 ( 25)
107 -->  35 ( 25)
107 -->  61 ( 26)
107 -->  91 ( 21)
107 --> 113 ( 20)
107 --> 114 ( 46)
108 --> 146 ( 31)
109 --> 171 ( 26)
110 --> 104 ( 32)
111 -->  21 ( 15)
112 --> 127 ( 40)
113 -->  11 ( 18)
113 -->  95 ( 19)
113 --> 115 ( 23)
114 -->   0 ( 23)
114 -->  95 ( 30)
114 --> 149 ( 19)
115 --> 145 ( 13)
116 -->  66 ( 16)
116 --> 111 ( 34)
117 -->  26 ( 18)
118 -->  62 ( 31)
119 --> 154 ( 36)
120 -->  24 ( 29)
121 -->  59 ( 16)
122 -->  42 ( 30)
122 -->  61 ( 17)
122 -->  88 ( 31)
123 -->   4 ( 39)
124 --> 120 ( 22)
125 -->  54 ( 28)
126 -->  20 (  2)
126 -->  85 ( 40)
126 --> 167 ( 31)
126 --> 173 ( 33)
127 -->  84 ( 26)
128 -->  16 ( 21)
129 -->  44 ( 26)
129 -->  61 ( 20)
129 --> 102 ( 43)
129 --> 169 ( 21)
130 --> 102 ( 36)
130 --> 147 ( 25)
130 --> 169 ( 33)
131 -->  28 ( 38)
132 -->  93 ( 19)
133 -->  69 ( 14)
134 -->  99 ( 13)
135 --> 159 ( 30)
136 -->  66 ( 19)
136 -->  95 ( 24)
136 --> 148 ( 41)
136 --> 150 ( 20)
137 --> 123 ( 13)
138 --> 155 ( 13)
139 -->  18 ( 17)
140 --> 108 ( 21)
141 -->  64 ( 17)
142 -->  25 ( 20)
143 -->  82 ( 40)
144 -->  50 ( 14)
145 --> 137 ( 28)
146 -->  40 ( 34)
147 -->   9 ( 30)
147 -->  44 ( 30)
147 -->  85 ( 26)
147 -->  98 ( 30)
147 --> 150 ( 22)
147 --> 165 ( 33)
147 --> 170 ( 15)
147 --> 177 ( 29)
147 --> 178 ( 11)
148 -->  11 ( 16)
148 -->  15 ( 29)
148 -->  66 (  8)
148 -->  86 ( 21)
148 --> 114 ( 21)
148 --> 149 ( 22)
148 --> 162 ( 24)
148 --> 167 ( 21)
149 -->  97 ( 16)
149 --> 129 ( 41)
149 --> 170 ( 25)
150 -->  61 ( 20)
150 --> 102 ( 28)
150 --> 170 ( 27)
151 --> 163 (  9)
152 --> 169 ( 12)
152 --> 175 ( 21)
153 --> 121 ( 18)
154 --> 174 ( 22)
155 -->  75 ( 17)
156 -->  94 ( 31)
157 -->  85 ( 15)
157 -->  98 ( 33)
157 --> 102 ( 12)
157 --> 163 ( 21)
158 -->  65 ( 46)
159 --> 125 ( 35)
160 -->  20 ( 22)
160 -->  48 ( 23)
160 -->  53 ( 19)
160 -->  86 ( 29)
160 -->  91 ( 37)
160 --> 169 ( 30)
161 --> 119 ( 29)
162 -->  77 ( 34)
163 -->  67 ( 43)
163 --> 101 ( 19)
164 -->  45 ( 25)
165 -->   1 ( 21)
165 -->  91 ( 22)
165 -->  95 ( 30)
165 --> 162 ( 19)
166 --> 105 ( 27)
167 -->  95 ( 31)
167 -->  96 ( 18)
167 --> 150 ( 39)
167 --> 165 ( 30)
168 -->  72 ( 19)
169 -->   0 ( 24)
169 -->  96 ( 36)
169 --> 116 ( 19)
169 --> 163 ( 10)
169 --> 176 ( 28)
170 -->   1 ( 26)
170 -->  19 ( 15)
170 -->  47 ( 15)
170 --> 122 ( 24)
170 --> 129 ( 22)
170 --> 163 ( 24)
170 --> 173 ( 28)
170 --> 177 ( 32)
171 -->  57 ( 28)
172 -->  11 ( 33)
172 -->  42 ( 31)
172 -->  53 ( 32)
172 --> 147 ( 26)
172 --> 169 ( 29)
173 -->  20 ( 17)
173 --> 114 (  9)
173 --> 129 ( 15)
173 --> 148 ( 15)
173 --> 176 ( 30)
174 --> 109 ( 34)
175 -->   0 ( 28)
175 -->  42 ( 26)
175 -->  44 ( 26)
176 --> 126 ( 32)
176 --> 148 ( 25)
176 --> 149 ( 17)
176 --> 160 ( 22)
177 -->  41 ( 18)
177 --> 152 ( 25)
177 --> 175 ( 31)
178 -->   1 ( 33)
178 -->  88 ( 18)
178 --> 129 ( 19)
178 --> 162 ( 27)
178 --> 172 ( 20)
179 --> 110 ( 16)
