WEIGHTED DIGRAPH 206 386:
  0 --> 196 ( 43)
  1 -->  62 ( 27)
  3 -->  43 ( 23)
  4 --> 131 ( 28)
  5 -->   2 ( 23)
  5 -->   8 ( 17)
  5 -->   9 ( 31)
  5 -->  94 ( 14)
  5 --> 163 ( 24)
  6 -->  83 ( 15)
  7 -->  46 ( 23)
  7 -->  63 ( 27)
  7 --> 164 ( 12)
  7 --> 173 ( 32)
  8 -->  52 ( 18)
  9 -->  24 ( 32)
  9 -->  46 ( 21)
  9 -->  53 ( 34)
  9 -->  87 ( 39)
  9 --> 133 ( 20)
  9 --> 182 ( 19)
 10 -->  99 ( 15)
 11 -->  34 (  5)
 12 -->  14 ( 32)
 13 -->  95 ( 31)
 14 -->  44 ( 22)
 15 -->  75 ( 36)
 16 --> 127 ( 40)
 17 --> 102 ( 39)
 18 --> 118 ( 21)
 19 -->  80 ( 17)
 20 --> 194 ( 19)
 21 -->  22 ( 24)
 22 -->   3 ( 24)
 23 --> 158 (  9)
 24 --> 109 ( 30)
 24 --> 141 ( 29)
 24 --> 182 ( 22)
 25 --> 110 ( 31)
 26 --> 187 ( 19)
 27 --> 102 ( 19)
 27 --> 111 ( 16)
 27 --> 114 ( 37)
 27 --> 139 ( 20)
 28 -->   5 ( 34)
 28 -->  17 ( 24)
 28 -->  73 ( 11)
 28 --> 103 ( 17)
 28 --> 163 ( 20)
 28 --> 167 ( 26)
 29 -->  38 ( 41)
 29 --> 163 ( 26)
 29 --> 178 ( 29)
 29 --> 182 ( 35)
 30 -->  21 ( 31)
 31 -->  17 ( 32)
 31 -->  38 ( 29)
 31 -->  88 ( 25)
 31 --> 103 ( 39)
 31 --> 167 ( 23)
 31 --> 195 ( 27)
 32 -->  76 ( 30)
 33 -->  93 ( 18)
 34 --> 179 ( 25)
 35 --> 115 ( 41)
 36 -->  28 ( 25)
 36 -->  53 ( 17)
 36 --> 102 ( 33)
 36 --> 106 (  5)
 36 --> 117 ( 27)
 36 --> 133 ( 21)
 36 --> 165 ( 27)
 37 -->  23 ( 22)
 38 -->  85 ( 24)
 38 --> 102 ( 20)
 38 --> 103 ( 23)
 39 --> 138 ( 24)
 40 --> 107 ( 38)
 41 -->   0 ( 31)
 42 --> 188 ( 25)
 43 --> 121 ( 30)
 43 --> 163 ( 47)
 43 --> 191 ( 31)
 44 --> 197 ( 26)
 45 -->  90 ( 34)
 46 -->   2 ( 27)
 46 -->  28 ( 26)
 46 --> 182 ( 39)
 47 --> 145 ( 21)
 48 --> 192 ( 31)
 49 -->  89 ( 16)
 50 -->  87 ( 26)
 51 --> 147 ( 21)
 52 -->  38 ( 16)
 52 -->  73 ( 39)
 52 --> 150 ( 37)
 52 --> 161 ( 41)
 52 --> 165 ( 18)
 52 --> 205 ( 27)
 53 -->  88 ( 27)
 53 --> 103 ( 19)
 53 --> 173 ( 27)
 53 --> 178 ( 43)
 54 -->  74 ( 41)
 55 --> 109 ( 22)
 55 --> 126 ( 32)
 55 --> 163 ( 18)
 56 -->  77 ( 24)
 57 -->  98 ( 31)
 58 -->  31 ( 37)
 58 -->  43 ( 30)
 58 -->  59 ( 36)
 58 -->  85 ( 11)
 58 --> 103 ( 25)
 59 -->  27 ( 13)
 59 -->  52 ( 33)
 59 -->  71 ( 35)
 59 --> 141 ( 24)
 59 --> 150 ( 20)
 60 -->  17 ( 28)
 60 -->  53 (  7)
 61 -->  42 ( 11)
 62 -->  92 ( 25)
 63 --> 102 ( 27)
 63 --> 126 ( 27)
 63 --> 167 ( 11)
 63 --> 173 ( 21)
 64 --> 125 ( 20)
 65 --> 140 ( 42)
 66 --> 101 ( 20)
 67 -->  39 ( 39)
 68 -->  10 ( 24)
 69 --> 202 ( 20)
 70 --> 100 ( 32)
 71 -->  13 ( 28)
 72 -->  45 ( 26)
 73 -->  17 ( 25)
 73 -->  31 ( 15)
 73 --> 111 ( 13)
 73 --> 123 ( 33)
 73 --> 153 ( 34)
 74 --> 108 ( 25)
 75 -->  59 ( 28)
 76 --> 200 (  6)
 77 --> 183 ( 33)
 78 -->  11 ( 32)
 79 --> 204 ( 33)
 80 --> 146 ( 29)
 81 -->  87 ( 14)
 81 --> 182 ( 41)
 82 -->  26 ( 36)
 83 -->  67 ( 24)
 84 --> 137 ( 12)
 85 -->  31 ( 33)
 85 -->  88 ( 42)
 85 --> 175 ( 26)
 86 --> 193 ( 37)
 87 -->   2 ( 28)
 87 -->  58 ( 14)
 87 -->  73 ( 16)
 87 --> 159 ( 22)
 87 --> 161 ( 42)
 87 --> 165 (  9)
 87 --> 175 ( 29)
 88 -->   2 ( 18)
 88 -->   8 ( 28)
 88 -->  36 ( 12)
 88 -->  87 ( 35)
 88 --> 111 ( 29)
 88 --> 141 ( 27)
 88 --> 153 ( 43)
 88 --> 165 ( 24)
 88 --> 190 ( 30)
 89 -->  35 ( 42)
 90 --> 143 ( 21)
 91 --> 170 ( 19)
 92 -->  12 ( 15)
 93 -->  41 ( 26)
 94 -->  29 ( 19)
 94 -->  31 ( 14)
 94 -->  52 ( 29)
 94 -->  87 ( 18)
 94 --> 190 ( 15)
 95 -->  51 ( 20)
 96 --> 169 ( 25)
 97 --> 154 ( 43)
 98 -->   6 ( 38)
 99 --> 105 ( 33)
100 -->  50 ( 21)
101 --> 116 (  9)
102 -->  55 ( 18)
102 -->  91 ( 15)
102 --> 139 ( 32)
102 --> 190 ( 31)
103 -->   9 ( 36)
103 -->  59 ( 19)
103 -->  66 ( 32)
103 -->  97 ( 21)
103 --> 139 ( 19)
103 --> 195 ( 25)
104 -->   1 ( 20)
105 --> 112 ( 33)
106 -->   8 ( 24)
106 -->  53 ( 18)
107 --> 122 ( 33)
108 -->  72 ( 44)
109 -->   8 ( 12)
109 -->  17 ( 17)
109 -->  38 ( 22)
109 --> 190 ( 27)
110 --> 175 ( 26)
111 -->   8 ( 16)
111 -->  17 ( 25)
111 -->  31 ( 23)
111 -->  46 ( 27)
111 -->  60 ( 16)
111 -->  63 ( 25)
111 --> 165 ( 27)
111 --> 190 ( 21)
112 --> 102 ( 15)
113 --> 185 ( 20)
114 --> 102 ( 27)
115 -->  18 ( 18)
116 --> 104 ( 20)
117 -->   2 ( 37)
117 --> 179 (  4)
117 --> 182 ( 20)
117 --> 191 ( 16)
118 --> 130 ( 32)
119 -->  49 ( 27)
120 -->  30 ( 29)
121 -->  37 ( 27)
122 --> 156 ( 28)
123 -->  38 ( 26)
124 -->  24 (  6)
124 -->  87 ( 25)
124 -->  88 ( 22)
124 --> 167 ( 31)
125 --> 201 ( 34)
126 -->   9 ( 24)
126 -->  31 ( 34)
126 -->  60 ( 44)
126 --> 161 ( 37)
126 --> 175 ( 24)
127 -->  82 ( 23)
128 --> 157 ( 21)
129 --> 198 ( 30)
130 --> 128 ( 17)
131 -->  16 ( 19)
132 --> 177 ( 20)
133 -->  38 ( 21)
133 --> 136 ( 30)
133 --> 173 ( 22)
134 --> 189 ( 39)
135 --> 142 ( 19)
136 -->  27 ( 33)
136 -->  58 ( 30)
136 -->  63 ( 29)
136 --> 165 ( 14)
137 -->  79 ( 33)
138 --> 148 ( 34)
139 -->   2 ( 24)
139 -->  29 ( 34)
139 --> 123 ( 39)
139 --> 136 ( 31)
139 --> 179 ( 21)
140 -->   4 ( 26)
141 -->  55 ( 21)
141 -->  63 ( 32)
141 -->  81 ( 12)
141 --> 139 ( 30)
141 --> 173 ( 23)
142 -->  57 ( 36)
143 -->  15 ( 30)
144 -->  48 ( 24)
145 --> 135 ( 20)
146 -->  86 ( 24)
147 -->  70 ( 27)
148 --> 160 ( 22)
149 -->  84 (  5)
150 -->  60 ( 16)
150 --> 102 ( 29)
151 --> 171 ( 13)
152 -->  25 ( 16)
153 -->  17 (  5)
153 -->  81 ( 22)
153 --> 126 ( 13)
153 --> 205 ( 25)
154 --> 134 ( 20)
155 -->  65 ( 33)
156 -->  68 ( 21)
157 -->  78 ( 36)
158 -->  33 ( 34)
159 -->  54 ( 26)
160 -->  96 ( 23)
161 -->  58 ( 33)
161 -->  60 ( 37)
161 -->  88 ( 36)
161 --> 162 ( 31)
161 --> 167 ( 12)
161 --> 173 ( 30)
162 -->  94 ( 24)
162 --> 124 ( 14)
163 --> 175 ( 24)
164 --> 168 ( 13)
165 -->  73 ( 45)
165 --> 109 ( 40)
165 --> 175 ( 21)
166 -->  28 ( 24)
167 -->   2 ( 36)
167 -->  43 ( 30)
167 -->  81 ( 29)
167 --> 133 ( 41)
167 --> 166 ( 36)
167 --> 174 ( 12)
168 --> 113 ( 24)
169 --> 181 ( 41)
170 --> 149 ( 30)
171 --> 155 ( 24)
172 --> 180 ( 13)
173 -->  81 ( 27)
173 --> 136 ( 31)
174 -->  59 ( 28)
174 -->  73 ( 23)
174 --> 124 ( 29)
174 --> 179 ( 34)
175 -->  28 ( 31)
175 -->  47 ( 28)
175 --> 111 ( 23)
175 --> 123 ( 34)
176 -->   7 ( 20)
177 --> 179 ( 34)
178 -->  46 ( 34)
178 -->  88 ( 26)
178 --> 191 ( 35)
179 -->  64 ( 15)
179 --> 175 ( 29)
179 --> 199 ( 17)
180 -->  61 ( 42)
181 --> 172 ( 26)
182 --> 102 ( 16)
182 --> 123 ( 19)
182 --> 133 ( 22)
182 --> 141 ( 29)
183 --> 103 ( 22)
184 -->  69 ( 37)
185 -->  20 ( 22)
186 --> 144 ( 25)
187 --> 184 ( 16)
188 --> 176 ( 31)
189 -->  32 ( 29)
190 -->   5 ( 26)
190 -->   8 ( 33)
190 -->  17 (  9)
190 -->  29 ( 29)
190 -->  31 ( 32)
190 -->  63 ( 24)
190 --> 166 ( 18)
191 -->  17 ( 27)
191 --> 153 ( 15)
191 --> 163 ( 25)
191 --> 174 ( 21)
191 --> 195 ( 30)
192 --> 103 ( 14)
193 --> 132 ( 22)
194 --> 151 ( 23)
195 -->  38 ( 27)
195 -->  63 ( 30)
195 -->  87 ( 22)
195 --> 123 ( 13)
195 --> 126 ( 21)
195 --> 173 ( 40)
195 --> 205 ( 36)
196 -->  19 ( 23)
197 --> 119 ( 19)
198 --> 203 ( 41)
199 --> 120 ( 31)
200 -->  40 ( 32)
201 --> 129 ( 33)
202 --> 152 ( 29)
203 --> 186 ( 47)
204 -->  56 ( 19)
205 -->   9 ( 16)
205 -->  53 ( 30)
205 --> 117 ( 37)
205 --> 133 ( 25)
