WEIGHTED DIGRAPH 206 386:
  0 --> 193 ( 30)
  1 --> 188 ( 17)
  2 -->  40 ( 15)
  2 -->  79 ( 21)
  2 --> 146 ( 38)
  2 --> 161 ( 38)
  3 --> 129 ( 21)
  4 -->  16 ( 31)
  4 --> 117 ( 12)
  4 --> 168 ( 27)
  4 --> 174 ( 22)
  5 --> 203 ( 36)
  6 -->  50 ( 42)
  7 -->  57 ( 23)
  8 -->  84 ( 15)
  8 --> 143 ( 23)
  8 --> 161 ( 37)
  9 --> 156 ( 25)
 10 --> 185 ( 22)
 11 --> 169 ( 20)
 12 --> 141 ( 39)
 13 -->  96 ( 28)
 13 --> 160 ( 11)
 14 -->  55 ( 13)
 14 --> 139 ( 21)
 14 --> 140 ( 28)
 14 --> 144 ( 28)
 15 --> 142 ( 28)
 16 -->  68 ( 26)
 16 --> 160 ( 29)
 16 --> 184 ( 10)
 17 -->  49 ( 25)
 18 -->  53 ( 40)
 18 -->  68 ( 20)
 18 -->  77 ( 28)
 18 -->  79 ( 36)
 18 -->  81 ( 37)
 18 --> 139 ( 23)
 18 --> 144 ( 34)
 19 -->  58 ( 34)
 20 -->  82 ( 22)
 20 --> 110 ( 30)
 20 --> 111 ( 24)
 21 -->  16 ( 24)
 21 -->  18 ( 32)
 21 -->  28 ( 14)
 21 -->  32 ( 17)
 21 -->  37 ( 24)
 21 -->  41 ( 37)
 21 -->  78 ( 30)
 21 --> 120 ( 41)
 21 --> 127 ( 27)
 21 --> 163 ( 23)
 21 --> 176 ( 29)
 22 -->  42 (  7)
 22 --> 174 ( 30)
 23 -->  26 ( 27)
 24 -->  93 ( 28)
 25 --> 101 ( 33)
 26 --> 173 ( 33)
 27 -->   1 ( 30)
 28 --> 198 ( 21)
 29 -->   4 (  4)
 30 --> 183 ( 38)
 31 -->  91 ( 37)
 32 -->   0 ( 14)
 32 -->   8 ( 33)
 32 -->  22 ( 16)
 32 -->  33 ( 22)
 32 -->  35 ( 30)
 32 -->  66 ( 21)
 32 -->  84 ( 14)
 32 --> 139 ( 31)
 33 -->  14 ( 30)
 33 -->  42 ( 25)
 33 --> 180 ( 16)
 34 --> 175 ( 25)
 35 -->   8 ( 29)
 35 -->  22 (  8)
 35 -->  53 ( 21)
 35 -->  96 ( 22)
 36 -->  72 ( 21)
 36 --> 152 ( 29)
 37 -->  96 ( 10)
 37 --> 139 ( 18)
 37 --> 155 ( 36)
 38 -->  62 ( 19)
 39 -->  84 ( 33)
 40 -->  42 ( 28)
 40 -->  72 ( 23)
 40 --> 143 ( 27)
 40 --> 199 ( 20)
 40 --> 202 ( 16)
 41 -->  13 ( 16)
 41 -->  14 ( 32)
 42 -->  21 ( 46)
 42 -->  96 ( 18)
 42 --> 110 ( 16)
 43 --> 125 ( 27)
 44 --> 112 ( 21)
 45 -->  92 ( 22)
 46 -->  21 ( 30)
 47 -->   6 ( 17)
 48 -->  11 ( 19)
 49 -->   3 ( 27)
 50 -->  69 ( 25)
 51 -->  15 ( 20)
 52 -->  10 ( 44)
 53 -->  40 ( 26)
 53 --> 135 ( 18)
 53 --> 196 ( 27)
 53 --> 205 ( 21)
 54 --> 116 ( 10)
 55 -->  40 ( 18)
 55 -->  78 ( 33)
 55 --> 199 ( 17)
 56 --> 151 ( 26)
 57 -->  39 ( 35)
 58 -->  32 ( 14)
 59 --> 177 ( 21)
 60 -->  20 ( 33)
 60 -->  22 ( 25)
 60 -->  72 ( 31)
 60 -->  79 ( 31)
 60 --> 109 ( 22)
 61 -->   7 ( 23)
 62 --> 166 (  6)
 63 -->  38 ( 24)
 64 -->  88 ( 14)
 65 -->   9 ( 30)
 66 -->  77 ( 35)
 66 --> 109 (  7)
 66 --> 120 ( 24)
 66 --> 144 ( 40)
 67 -->  70 ( 21)
 68 -->  21 ( 23)
 68 -->  33 ( 39)
 68 --> 143 ( 33)
 69 -->  80 ( 26)
 70 -->  23 ( 33)
 71 -->  59 ( 10)
 73 --> 182 ( 13)
 74 --> 137 ( 12)
 75 --> 118 ( 16)
 76 --> 192 ( 32)
 77 -->  20 ( 28)
 77 -->  32 ( 39)
 77 -->  33 ( 15)
 77 -->  35 ( 17)
 77 -->  55 ( 22)
 77 --> 143 ( 26)
 77 --> 164 ( 17)
 77 --> 199 ( 26)
 78 -->   2 ( 35)
 78 -->  72 ( 28)
 78 --> 146 ( 28)
 79 -->   8 ( 34)
 79 -->  35 ( 20)
 79 -->  42 ( 23)
 79 -->  66 ( 21)
 79 --> 196 ( 28)
 80 --> 171 ( 23)
 81 -->  89 ( 21)
 81 --> 109 ( 21)
 81 --> 114 ( 28)
 81 --> 180 ( 30)
 82 -->  13 ( 34)
 82 -->  32 ( 37)
 82 --> 184 ( 41)
 83 --> 115 ( 30)
 84 -->  22 ( 28)
 84 -->  42 ( 41)
 84 -->  55 ( 24)
 84 -->  96 ( 37)
 84 --> 204 ( 22)
 85 --> 100 ( 15)
 86 --> 107 ( 39)
 87 --> 133 ( 24)
 88 -->  71 ( 13)
 89 -->  13 ( 27)
 89 --> 184 ( 31)
 89 --> 205 ( 18)
 90 --> 134 ( 39)
 91 --> 124 ( 29)
 92 -->  99 ( 38)
 93 -->  48 ( 15)
 94 -->   2 ( 25)
 94 -->  13 ( 27)
 94 -->  96 ( 25)
 94 --> 139 ( 29)
 94 --> 160 ( 23)
 95 --> 138 ( 45)
 96 -->  16 ( 10)
 96 -->  55 ( 33)
 96 -->  66 ( 18)
 96 --> 109 ( 17)
 96 --> 111 ( 23)
 96 --> 139 ( 29)
 96 --> 152 ( 16)
 96 --> 164 ( 34)
 97 --> 105 ( 17)
 98 --> 181 ( 21)
 99 --> 130 ( 26)
100 -->  52 ( 31)
101 --> 158 ( 30)
102 --> 147 ( 31)
103 --> 170 ( 45)
104 -->  75 ( 36)
105 --> 103 ( 21)
106 --> 200 ( 24)
107 -->  19 ( 43)
108 --> 197 ( 31)
109 -->  13 ( 30)
109 -->  33 ( 23)
109 --> 176 ( 26)
109 --> 179 ( 26)
110 -->   2 ( 33)
110 -->  32 ( 29)
110 -->  40 ( 39)
110 -->  41 ( 22)
110 -->  77 ( 38)
110 --> 205 ( 14)
111 -->  53 ( 21)
111 -->  77 ( 26)
111 -->  81 ( 39)
111 -->  82 ( 17)
111 -->  94 ( 42)
111 --> 176 ( 28)
112 -->  61 ( 30)
113 --> 167 ( 43)
114 -->  64 ( 28)
115 -->  43 ( 41)
116 -->  98 ( 30)
117 -->  45 ( 35)
118 --> 119 ( 16)
119 -->  63 ( 34)
120 -->  72 ( 35)
120 --> 160 ( 23)
120 --> 164 ( 29)
121 -->   5 ( 22)
122 -->  24 ( 25)
123 -->  17 (  6)
124 --> 187 ( 37)
125 -->  56 ( 33)
126 --> 172 ( 27)
127 --> 121 ( 31)
128 -->  97 ( 14)
129 --> 178 ( 24)
130 -->  51 ( 18)
131 --> 135 ( 21)
132 --> 191 ( 37)
133 -->  74 ( 28)
134 --> 149 ( 20)
135 -->  96 ( 19)
135 --> 179 ( 13)
135 --> 186 ( 19)
136 -->  14 ( 26)
136 -->  20 ( 31)
136 -->  41 ( 28)
136 --> 110 ( 35)
137 --> 201 ( 30)
138 -->  73 ( 20)
139 -->  41 ( 22)
139 -->  60 ( 25)
140 --> 135 ( 29)
140 --> 174 ( 23)
141 -->  25 ( 27)
142 --> 143 ( 22)
143 --> 110 ( 19)
143 --> 140 ( 18)
143 --> 152 ( 30)
143 --> 179 ( 16)
143 --> 189 ( 27)
144 -->  72 ( 25)
144 -->  79 ( 36)
144 -->  84 ( 24)
144 --> 135 ( 24)
144 --> 161 ( 18)
145 -->  21 ( 24)
146 --> 144 ( 29)
146 --> 205 ( 29)
147 --> 194 ( 26)
148 --> 159 ( 39)
149 --> 123 ( 25)
150 --> 102 ( 24)
151 -->  67 ( 30)
152 -->  18 ( 15)
152 --> 161 ( 33)
153 -->   2 ( 19)
153 -->  79 (  6)
153 --> 161 ( 24)
153 --> 199 ( 33)
154 -->  44 ( 29)
155 --> 165 ( 15)
156 --> 113 ( 24)
157 -->   2 ( 26)
157 -->  35 ( 24)
157 -->  36 ( 15)
157 -->  53 ( 17)
157 -->  81 ( 10)
157 --> 136 ( 30)
157 --> 146 ( 30)
157 --> 202 ( 23)
158 -->  46 ( 27)
159 -->  87 (  9)
160 -->   2 ( 32)
160 -->  18 ( 19)
160 -->  55 ( 17)
160 --> 174 ( 28)
160 --> 199 ( 38)
161 -->  16 ( 28)
161 -->  68 ( 21)
161 -->  77 ( 17)
161 --> 135 ( 16)
161 --> 140 ( 27)
161 --> 174 ( 19)
161 --> 202 ( 22)
162 -->  85 ( 31)
163 -->  30 ( 10)
164 -->   2 ( 34)
164 -->  16 ( 33)
164 -->  40 ( 16)
165 -->  34 ( 23)
166 -->  29 ( 21)
167 -->  86 ( 30)
168 -->  21 ( 32)
168 -->  22 ( 11)
168 --> 202 ( 16)
169 -->  37 ( 22)
170 --> 122 ( 29)
171 --> 162 ( 29)
172 -->  54 ( 40)
173 --> 154 ( 25)
174 -->   8 ( 33)
174 -->  18 ( 14)
174 -->  33 ( 37)
174 -->  55 ( 26)
174 -->  78 ( 35)
174 -->  79 ( 22)
174 -->  96 ( 38)
174 --> 152 ( 18)
175 -->  31 ( 22)
176 --> 184 ( 23)
177 --> 190 ( 27)
178 -->  65 ( 20)
179 -->  33 ( 42)
179 -->  36 ( 24)
179 -->  68 ( 31)
179 --> 176 ( 30)
180 -->  16 ( 31)
180 -->  18 ( 30)
180 --> 139 ( 18)
180 --> 153 ( 30)
181 --> 148 ( 21)
182 -->  12 ( 26)
183 --> 128 ( 24)
184 -->   4 ( 18)
184 -->  66 ( 39)
185 --> 108 ( 26)
186 --> 195 ( 30)
187 -->  21 ( 32)
188 -->  90 ( 23)
189 --> 104 ( 35)
190 -->  76 ( 11)
191 -->  47 ( 30)
192 --> 150 ( 34)
193 -->  83 ( 36)
194 --> 106 ( 19)
195 -->  95 ( 25)
196 --> 157 ( 22)
196 --> 184 ( 29)
197 -->  81 ( 19)
198 --> 132 ( 39)
199 -->  32 ( 33)
199 -->  36 ( 20)
199 -->  84 ( 15)
199 -->  89 ( 22)
200 --> 145 ( 16)
201 --> 131 ( 25)
202 -->  14 ( 21)
202 -->  81 ( 26)
203 --> 126 ( 25)
204 -->  27 (  6)
205 -->   8 ( 19)
205 -->  78 ( 26)
205 --> 160 ( 33)
