WEIGHTED DIGRAPH 198 378:
  0 -->  48 ( 24)
  0 -->  49 (  6)
  0 -->  54 ( 21)
  0 -->  66 ( 25)
  0 --> 123 ( 19)
  1 --> 181 ( 29)
  2 -->  37 ( 27)
  3 -->   7 ( 33)
  4 --> 112 ( 27)
  5 -->  32 ( 20)
  6 -->  22 ( 35)
  7 --> 187 ( 16)
  8 --> 164 ( 20)
  9 --> 154 ( 29)
 10 -->  47 ( 25)
 10 --> 146 ( 18)
 10 --> 153 ( 32)
 10 --> 177 ( 25)
 10 --> 184 ( 36)
 11 -->  26 ( 26)
 12 --> 128 ( 14)
 13 --> 102 ( 11)
 14 -->  89 ( 25)
 15 -->  20 ( 29)
 16 --> 137 ( 13)
 17 -->  69 ( 16)
 18 --> 147 ( 27)
 19 --> 188 ( 29)
 20 --> 139 ( 26)
 21 -->  90 ( 22)
 22 --> 190 ( 30)
 23 --> 143 ( 19)
 24 -->  25 ( 35)
 25 -->  75 ( 22)
 26 --> 105 ( 14)
 27 --> 155 ( 30)
 28 -->  55 ( 33)
 29 --> 191 ( 24)
 30 -->  11 ( 22)
 31 --> 193 ( 20)
 32 -->   9 ( 10)
 33 --> 131 ( 13)
 34 -->  54 ( 32)
 34 -->  62 ( 37)
 34 --> 149 ( 18)
 34 --> 153 ( 26)
 34 --> 158 ( 25)
 35 -->   8 ( 30)
 36 -->  97 ( 15)
 37 --> 175 ( 20)
 38 -->  43 ( 32)
 39 --> 106 ( 39)
 40 --> 129 ( 21)
 41 --> 167 ( 27)
 42 --> 178 ( 22)
 43 -->  23 ( 22)
 44 --> 117 ( 12)
 45 --> 138 ( 29)
 46 -->  13 ( 31)
 46 -->  34 ( 19)
 46 --> 158 ( 20)
 47 --> 138 ( 32)
 47 --> 170 ( 40)
 47 --> 180 ( 14)
 48 -->   2 ( 23)
 48 -->  90 ( 33)
 48 --> 123 ( 28)
 49 -->  47 ( 14)
 49 -->  87 ( 25)
 49 -->  94 ( 22)
 49 --> 108 ( 25)
 49 --> 135 ( 28)
 49 --> 162 ( 25)
 49 --> 177 ( 22)
 49 --> 184 ( 18)
 49 --> 192 ( 20)
 50 --> 103 ( 21)
 51 -->  18 ( 38)
 52 -->  61 ( 29)
 53 -->   0 (  7)
 53 -->  76 ( 30)
 53 -->  90 ( 26)
 53 --> 108 ( 35)
 53 --> 158 ( 30)
 53 --> 172 ( 25)
 54 -->  10 ( 30)
 54 -->  67 ( 21)
 54 -->  90 ( 29)
 54 --> 108 ( 16)
 54 --> 158 ( 34)
 54 --> 192 ( 28)
 55 -->  46 (  6)
 56 -->  49 ( 23)
 56 -->  63 ( 40)
 56 --> 133 ( 26)
 56 --> 182 ( 26)
 56 --> 192 ( 18)
 57 --> 128 ( 22)
 58 -->  52 ( 27)
 59 --> 144 ( 28)
 60 -->  47 ( 27)
 60 -->  62 ( 27)
 60 -->  87 ( 30)
 60 --> 109 ( 27)
 60 --> 184 ( 29)
 60 --> 186 ( 23)
 61 -->  33 ( 18)
 62 -->  10 ( 17)
 62 -->  98 ( 37)
 63 --> 138 ( 36)
 63 --> 170 ( 26)
 64 --> 128 ( 28)
 64 --> 138 (  5)
 65 -->  35 ( 20)
 66 -->  34 ( 39)
 67 --> 109 ( 26)
 67 --> 172 ( 39)
 68 -->  74 ( 15)
 69 -->  46 ( 31)
 69 -->  53 ( 33)
 69 -->  67 ( 29)
 69 -->  90 ( 36)
 69 --> 109 ( 22)
 69 --> 122 ( 17)
 70 -->  49 ( 13)
 70 --> 109 ( 40)
 70 --> 127 ( 26)
 70 --> 133 ( 23)
 71 --> 166 ( 15)
 72 -->  38 ( 31)
 73 --> 100 ( 26)
 74 -->  95 ( 31)
 75 --> 159 ( 24)
 76 -->  62 ( 20)
 76 -->  70 ( 26)
 78 -->   0 ( 27)
 78 -->  46 ( 32)
 78 -->  53 ( 32)
 78 --> 135 ( 17)
 79 -->  46 ( 23)
 79 --> 116 ( 24)
 79 --> 186 ( 19)
 79 --> 197 (  9)
 80 -->  65 ( 31)
 81 -->  68 ( 15)
 82 -->  19 ( 14)
 83 --> 130 ( 36)
 84 -->  45 ( 28)
 85 -->   6 ( 22)
 86 -->  83 ( 41)
 87 -->  47 ( 13)
 87 -->  69 ( 28)
 87 --> 126 ( 35)
 87 --> 127 ( 24)
 87 --> 134 ( 17)
 87 --> 184 ( 40)
 88 -->  31 ( 26)
 89 -->  41 ( 38)
 90 -->  39 ( 18)
 90 -->  63 ( 31)
 90 -->  76 ( 11)
 90 -->  78 ( 17)
 90 --> 140 ( 39)
 90 --> 142 ( 28)
 90 --> 168 ( 35)
 90 --> 180 ( 33)
 91 -->  59 ( 24)
 92 -->  48 ( 35)
 92 -->  54 ( 18)
 92 -->  87 ( 23)
 93 -->  73 ( 26)
 94 -->  48 ( 25)
 94 --> 116 ( 30)
 94 --> 149 ( 32)
 94 --> 168 ( 35)
 95 --> 107 ( 18)
 96 -->  48 ( 29)
 97 --> 189 ( 28)
 98 -->   0 ( 20)
 98 --> 108 ( 14)
 99 --> 120 ( 25)
100 --> 163 ( 27)
101 --> 152 ( 29)
102 -->  30 ( 32)
103 --> 162 ( 34)
104 -->  93 ( 41)
105 -->  88 ( 26)
106 -->  91 ( 22)
107 --> 104 ( 33)
108 -->  34 (  8)
108 --> 135 ( 25)
108 --> 168 ( 11)
109 -->  64 ( 25)
109 -->  76 ( 30)
109 --> 135 ( 36)
109 --> 153 ( 41)
110 -->  21 ( 15)
111 -->  86 ( 17)
112 --> 114 ( 41)
113 --> 156 ( 16)
114 --> 113 ( 24)
115 -->  78 ( 25)
115 --> 136 ( 18)
115 --> 153 ( 28)
116 -->  54 ( 37)
116 -->  60 ( 34)
116 --> 108 ( 35)
116 --> 133 ( 21)
116 --> 146 ( 15)
117 -->  17 ( 24)
118 -->  99 ( 35)
119 --> 185 ( 32)
120 --> 101 ( 15)
121 --> 195 ( 26)
122 -->  85 ( 13)
123 -->  62 ( 36)
123 --> 115 ( 11)
123 --> 149 ( 23)
123 --> 162 ( 39)
123 --> 197 ( 12)
124 --> 160 ( 25)
125 --> 132 ( 30)
126 -->  34 ( 13)
126 -->  57 ( 13)
126 -->  63 ( 26)
126 -->  66 ( 37)
126 --> 169 ( 23)
127 -->  10 ( 12)
127 -->  54 ( 24)
127 -->  60 ( 25)
127 -->  78 ( 36)
128 -->  56 ( 24)
128 --> 126 ( 36)
128 --> 127 ( 17)
128 --> 149 ( 16)
128 --> 161 ( 38)
128 --> 169 ( 37)
128 --> 177 ( 38)
129 -->   3 ( 33)
130 -->  36 ( 24)
131 -->  28 ( 28)
132 --> 196 ( 23)
133 --> 108 ( 23)
133 --> 192 (  6)
134 -->  57 ( 28)
134 -->  76 ( 32)
134 --> 150 ( 26)
135 -->  94 ( 22)
135 --> 140 ( 18)
136 -->  10 ( 28)
136 -->  54 ( 13)
136 -->  63 ( 15)
136 --> 128 ( 13)
136 --> 177 ( 31)
137 --> 118 ( 17)
138 -->  40 ( 28)
138 -->  70 ( 10)
138 -->  72 ( 24)
138 -->  76 ( 25)
138 -->  94 ( 19)
138 --> 176 ( 15)
139 -->  82 ( 29)
140 -->  10 ( 28)
140 -->  57 ( 20)
140 -->  76 ( 25)
140 --> 133 ( 22)
140 --> 158 ( 25)
141 --> 121 ( 17)
142 -->  29 ( 26)
143 --> 125 ( 26)
144 -->  24 ( 18)
145 --> 173 ( 20)
146 -->  48 ( 24)
146 --> 108 ( 28)
146 --> 136 ( 13)
147 -->  15 ( 32)
148 -->  84 ( 12)
149 -->  48 ( 30)
149 -->  63 ( 28)
149 --> 184 ( 39)
150 -->  46 ( 31)
150 -->  49 ( 37)
150 -->  76 ( 23)
150 -->  90 ( 15)
150 --> 135 ( 25)
150 --> 177 ( 38)
151 -->  12 ( 37)
152 --> 151 ( 37)
153 -->  64 ( 32)
153 -->  87 ( 32)
153 --> 134 ( 23)
154 -->  58 ( 15)
155 --> 148 ( 37)
156 -->  71 ( 31)
157 -->  90 ( 26)
158 -->  64 ( 26)
158 --> 133 ( 35)
158 --> 168 ( 27)
158 --> 170 ( 29)
158 --> 192 ( 29)
159 -->  96 ( 31)
160 -->  16 ( 10)
161 -->   4 ( 29)
162 -->  53 ( 31)
162 -->  81 ( 25)
162 -->  90 ( 14)
162 --> 126 ( 14)
162 --> 176 (  6)
163 -->  80 ( 28)
164 --> 183 ( 22)
165 -->  14 ( 29)
166 --> 138 ( 30)
167 --> 182 ( 27)
168 -->  60 ( 27)
169 -->  66 ( 19)
169 --> 123 ( 32)
169 --> 140 ( 14)
169 --> 146 ( 30)
169 --> 150 ( 24)
169 --> 197 ( 39)
170 -->  46 ( 27)
170 --> 109 ( 31)
170 --> 116 ( 30)
170 --> 140 ( 27)
171 --> 124 ( 27)
172 -->  56 ( 45)
172 -->  87 ( 23)
172 --> 138 ( 38)
172 --> 146 ( 29)
172 --> 149 ( 28)
172 --> 158 ( 37)
172 --> 177 ( 15)
173 -->  51 ( 25)
174 -->   5 ( 18)
175 --> 145 ( 13)
176 -->  34 ( 31)
176 -->  98 ( 14)
176 --> 146 ( 12)
177 -->  54 ( 14)
178 --> 179 ( 15)
179 -->  50 ( 32)
180 -->  53 ( 23)
180 -->  60 ( 22)
180 -->  69 ( 24)
180 --> 153 ( 24)
181 --> 171 ( 24)
182 -->  64 ( 40)
182 --> 111 ( 27)
182 --> 184 ( 16)
183 --> 141 ( 30)
184 -->   0 ( 25)
184 -->  56 ( 34)
184 --> 172 ( 48)
185 -->  42 ( 21)
186 -->  54 ( 23)
186 -->  67 ( 22)
186 -->  69 ( 13)
186 --> 149 ( 33)
186 --> 150 ( 15)
186 --> 184 ( 23)
187 --> 165 ( 17)
188 --> 110 ( 25)
189 -->  27 ( 29)
190 --> 194 ( 23)
191 --> 119 ( 31)
192 -->  69 ( 20)
192 --> 108 ( 39)
192 --> 123 ( 26)
192 --> 126 ( 21)
192 --> 134 ( 29)
192 --> 162 ( 16)
192 --> 177 ( 26)
193 -->  44 ( 15)
194 --> 174 ( 30)
195 --> 157 ( 23)
196 -->   1 ( 30)
197 -->  69 ( 41)
197 --> 182 ( 18)
