WEIGHTED DIGRAPH 188 368:
  0 -->  83 ( 16)
  1 -->   4 ( 40)
  1 -->  18 ( 29)
  1 --> 105 ( 36)
  2 -->  49 ( 22)
  3 --> 171 ( 10)
  4 -->  32 ( 34)
  4 -->  37 ( 22)
  4 -->  50 ( 17)
  4 --> 113 ( 21)
  4 --> 163 ( 29)
  4 --> 185 ( 18)
  5 -->  95 ( 20)
  7 --> 175 ( 25)
  8 -->  60 ( 26)
  9 -->  63 ( 27)
 10 -->  23 ( 30)
 10 -->  32 ( 30)
 10 -->  33 ( 26)
 10 -->  79 ( 21)
 10 -->  83 ( 39)
 10 --> 147 ( 16)
 11 --> 156 ( 12)
 12 --> 162 ( 31)
 13 -->   7 ( 32)
 14 -->  65 ( 20)
 15 -->  31 ( 15)
 15 -->  37 ( 19)
 15 -->  76 ( 30)
 15 --> 128 ( 28)
 15 --> 141 ( 20)
 16 -->  97 ( 28)
 17 -->   5 ( 28)
 18 -->   6 ( 26)
 18 -->  22 ( 19)
 19 --> 109 ( 19)
 20 -->  67 ( 32)
 21 --> 145 ( 36)
 22 -->  53 ( 24)
 22 -->  62 ( 22)
 22 --> 114 ( 17)
 22 --> 147 ( 36)
 23 -->  32 ( 31)
 23 -->  33 ( 36)
 23 -->  53 ( 33)
 23 -->  75 ( 27)
 23 -->  89 ( 39)
 23 --> 129 ( 17)
 23 --> 154 ( 16)
 23 --> 157 ( 20)
 24 -->   6 ( 22)
 24 -->  11 ( 25)
 24 -->  22 ( 17)
 24 -->  59 ( 25)
 24 -->  62 ( 20)
 24 -->  79 ( 17)
 24 --> 114 ( 22)
 24 --> 163 ( 12)
 25 --> 144 ( 23)
 26 -->  30 ( 27)
 27 -->  57 ( 26)
 28 --> 122 ( 31)
 29 -->  24 ( 26)
 29 -->  42 ( 25)
 29 -->  44 (  5)
 29 -->  47 ( 11)
 29 -->  82 ( 15)
 29 --> 129 ( 34)
 29 --> 157 ( 23)
 29 --> 174 ( 21)
 30 -->  27 ( 42)
 31 --> 141 ( 27)
 31 --> 157 ( 32)
 31 --> 185 ( 34)
 32 -->  34 ( 26)
 32 -->  50 ( 39)
 32 -->  82 ( 37)
 32 --> 126 (  5)
 32 --> 129 ( 32)
 32 --> 154 ( 30)
 33 --> 158 ( 33)
 34 -->  75 ( 26)
 34 -->  84 ( 21)
 35 --> 132 ( 40)
 36 --> 106 ( 28)
 37 -->   6 ( 16)
 37 --> 114 ( 26)
 37 --> 126 ( 30)
 38 -->  41 ( 42)
 39 -->  72 ( 21)
 40 -->  37 ( 38)
 40 -->  70 ( 12)
 40 --> 114 ( 14)
 41 -->  52 ( 30)
 42 -->  15 ( 19)
 42 -->  34 ( 32)
 42 -->  37 ( 33)
 42 --> 153 ( 29)
 42 --> 180 ( 16)
 43 -->  13 ( 17)
 44 -->  10 ( 29)
 44 -->  32 ( 21)
 44 -->  62 ( 28)
 44 -->  75 ( 25)
 44 --> 107 ( 34)
 44 --> 126 ( 15)
 45 --> 102 ( 30)
 46 --> 104 ( 24)
 47 -->  24 ( 28)
 47 --> 105 ( 27)
 47 --> 163 ( 26)
 48 -->  86 (  7)
 49 -->   3 ( 24)
 50 -->   1 ( 30)
 50 -->  23 ( 23)
 50 -->  62 ( 22)
 50 -->  70 ( 25)
 50 -->  87 ( 30)
 50 --> 158 ( 26)
 50 --> 185 ( 20)
 51 --> 101 ( 25)
 52 --> 178 ( 20)
 53 -->  32 ( 20)
 53 -->  40 ( 12)
 53 -->  62 ( 17)
 53 --> 177 ( 28)
 54 --> 114 ( 24)
 55 --> 170 ( 30)
 56 --> 169 ( 30)
 57 --> 131 ( 34)
 58 --> 120 ( 31)
 59 -->  34 ( 18)
 59 -->  82 ( 32)
 59 --> 114 ( 12)
 59 --> 170 ( 32)
 60 -->  17 ( 43)
 61 -->  55 ( 22)
 62 -->  42 ( 28)
 62 --> 137 ( 32)
 62 --> 147 ( 15)
 63 --> 135 ( 14)
 64 -->  15 ( 18)
 64 -->  59 ( 22)
 64 -->  89 ( 19)
 64 --> 108 ( 21)
 64 --> 165 ( 10)
 64 --> 170 ( 32)
 65 --> 100 ( 30)
 66 --> 167 ( 29)
 67 -->  46 ( 31)
 68 --> 114 ( 20)
 68 --> 153 ( 39)
 69 -->  94 ( 23)
 70 -->   1 ( 32)
 70 -->  10 ( 27)
 70 -->  18 ( 23)
 70 -->  23 ( 20)
 71 --> 136 ( 22)
 72 --> 173 ( 18)
 73 -->  24 ( 32)
 73 --> 147 ( 19)
 74 --> 152 ( 21)
 75 -->  82 ( 31)
 75 --> 129 ( 27)
 75 --> 154 ( 28)
 75 --> 156 ( 21)
 76 --> 187 ( 12)
 77 --> 160 ( 10)
 78 -->  56 ( 31)
 79 -->  23 ( 39)
 79 -->  29 ( 18)
 79 -->  37 ( 23)
 80 -->  43 ( 33)
 81 -->   6 ( 26)
 81 -->  23 ( 25)
 81 -->  64 ( 27)
 81 -->  68 ( 25)
 81 --> 126 ( 31)
 81 --> 143 ( 33)
 81 --> 185 ( 30)
 82 -->  62 ( 25)
 82 --> 129 ( 22)
 83 -->   6 ( 39)
 83 -->  11 ( 21)
 83 -->  62 ( 30)
 83 -->  88 ( 29)
 83 --> 114 ( 29)
 84 -->  44 ( 17)
 84 -->  70 ( 20)
 85 -->  66 ( 26)
 86 -->  91 ( 37)
 87 -->   4 ( 27)
 87 -->  23 (  8)
 87 -->  28 ( 17)
 87 -->  40 ( 18)
 87 -->  44 ( 24)
 87 -->  47 ( 21)
 88 -->  48 ( 35)
 89 --> 157 ( 31)
 90 -->  21 ( 39)
 91 --> 121 ( 16)
 92 -->  90 (  9)
 93 -->  51 ( 30)
 94 --> 116 ( 24)
 95 -->  12 ( 40)
 96 -->   8 ( 35)
 97 --> 166 ( 14)
 98 --> 172 ( 33)
 99 -->  75 ( 22)
 99 --> 143 ( 13)
100 -->  62 ( 45)
101 --> 133 ( 24)
102 --> 130 ( 15)
103 -->  93 ( 19)
104 --> 124 ( 28)
105 -->  11 ( 31)
105 -->  22 ( 32)
105 -->  83 ( 34)
106 --> 111 ( 15)
107 --> 140 ( 24)
108 -->  24 ( 25)
108 -->  29 ( 18)
108 -->  42 ( 18)
108 -->  87 ( 21)
108 --> 126 ( 20)
109 --> 183 ( 35)
110 -->  44 ( 17)
111 -->  25 ( 15)
112 -->  78 ( 16)
113 -->  34 ( 24)
113 --> 154 ( 37)
114 -->  29 ( 27)
114 -->  32 ( 26)
114 -->  33 ( 24)
114 -->  36 ( 17)
114 -->  89 ( 40)
114 --> 158 ( 26)
115 -->  71 ( 27)
116 -->  92 ( 22)
117 -->   1 ( 26)
117 -->   4 ( 31)
117 -->  18 ( 14)
117 -->  47 ( 13)
117 --> 114 ( 31)
117 --> 143 ( 30)
118 --> 163 ( 26)
119 -->  26 ( 23)
120 --> 125 ( 40)
121 --> 176 ( 29)
122 -->  98 ( 20)
123 -->  33 ( 40)
123 -->  64 ( 29)
123 --> 153 ( 42)
123 --> 154 ( 13)
123 --> 158 ( 27)
124 --> 164 ( 24)
125 -->  15 ( 26)
126 -->  11 ( 15)
126 -->  15 ( 18)
126 -->  99 ( 25)
126 --> 105 ( 28)
126 --> 185 ( 14)
127 -->  61 ( 32)
128 -->  64 ( 33)
128 -->  75 ( 35)
128 -->  83 ( 31)
128 --> 108 ( 23)
128 --> 143 (  9)
128 --> 153 ( 21)
129 -->  18 ( 30)
129 -->  84 ( 24)
130 -->  20 ( 18)
131 --> 118 ( 34)
132 --> 115 ( 41)
133 -->  16 ( 37)
134 --> 182 ( 24)
135 -->  74 ( 27)
136 -->   0 ( 26)
137 -->  35 ( 32)
138 --> 148 ( 16)
139 -->  80 ( 25)
140 --> 139 ( 32)
141 -->   1 ( 25)
141 -->  22 ( 31)
141 --> 114 ( 31)
141 --> 158 ( 30)
142 -->  14 ( 24)
143 -->   4 ( 22)
143 -->  70 ( 29)
143 --> 129 ( 30)
143 --> 156 ( 10)
144 --> 168 ( 21)
145 --> 112 ( 11)
146 --> 110 ( 32)
147 -->  31 ( 23)
147 -->  81 ( 32)
147 --> 114 ( 11)
148 --> 146 ( 13)
149 -->  38 ( 19)
150 --> 161 ( 26)
151 --> 186 ( 19)
152 --> 138 ( 29)
153 -->  40 ( 40)
153 --> 126 ( 45)
154 -->   6 ( 15)
154 -->  40 ( 42)
154 -->  84 ( 37)
154 -->  89 ( 33)
154 --> 153 ( 29)
155 -->  31 ( 36)
155 -->  42 ( 26)
155 -->  73 ( 38)
155 --> 157 ( 34)
156 -->   6 ( 31)
156 -->  81 ( 11)
156 -->  87 ( 19)
157 -->  47 ( 15)
157 -->  53 ( 14)
157 -->  73 ( 28)
157 -->  87 ( 25)
157 --> 170 ( 22)
158 -->   6 ( 27)
158 -->  59 ( 41)
158 -->  73 ( 34)
158 --> 147 ( 21)
159 --> 103 ( 20)
160 --> 159 ( 11)
161 --> 181 ( 33)
162 -->  58 ( 36)
163 -->  32 ( 41)
163 -->  45 ( 16)
163 -->  50 ( 26)
163 -->  99 ( 13)
163 --> 117 ( 23)
164 -->  53 ( 33)
165 --> 184 ( 31)
166 --> 127 ( 28)
167 --> 134 ( 26)
168 -->   9 ( 27)
169 --> 142 ( 13)
170 -->   1 ( 31)
170 -->   2 ( 15)
170 -->  10 ( 34)
170 -->  70 ( 33)
170 --> 113 ( 28)
171 --> 150 ( 19)
172 -->  19 ( 46)
173 --> 179 ( 32)
174 -->  42 ( 32)
174 -->  75 ( 34)
175 -->  54 ( 22)
176 -->  69 ( 22)
177 --> 149 ( 25)
178 --> 151 ( 27)
179 -->  96 ( 32)
180 -->  23 ( 26)
180 -->  47 ( 17)
180 -->  87 ( 22)
180 -->  89 ( 16)
180 --> 185 ( 23)
181 -->  87 ( 36)
182 -->  64 ( 27)
183 -->  77 ( 25)
184 -->  39 ( 22)
185 -->  15 ( 16)
185 -->  99 ( 29)
186 --> 119 ( 25)
187 -->  85 ( 11)
