WEIGHTED DIGRAPH 176 356:
  0 --> 170 ( 18)
  1 -->   9 ( 20)
  1 -->  64 ( 18)
  1 -->  81 ( 19)
  1 --> 117 ( 27)
  2 -->  48 ( 23)
  3 -->  78 ( 29)
  4 --> 139 ( 15)
  5 -->  26 ( 13)
  6 --> 133 ( 18)
  7 -->  90 ( 27)
  8 -->  22 ( 24)
  8 -->  43 ( 32)
  8 -->  77 ( 37)
  8 -->  78 ( 22)
  8 -->  88 ( 23)
  8 --> 132 ( 24)
  9 -->   2 ( 27)
  9 -->  13 ( 17)
  9 -->  20 ( 28)
  9 -->  72 ( 26)
  9 -->  76 ( 18)
  9 --> 130 ( 20)
 10 -->  18 ( 43)
 11 --> 136 ( 20)
 12 -->  41 ( 24)
 13 -->  96 ( 20)
 13 --> 132 ( 28)
 13 --> 153 ( 17)
 14 -->  28 ( 35)
 15 -->  11 ( 29)
 16 -->  36 ( 23)
 17 -->  54 ( 24)
 18 -->  31 ( 31)
 19 --> 157 ( 38)
 20 --> 111 ( 18)
 20 --> 132 ( 16)
 20 --> 163 ( 47)
 20 --> 173 ( 26)
 21 -->  12 ( 32)
 21 -->  22 ( 22)
 22 -->  47 ( 31)
 22 -->  51 ( 42)
 22 -->  88 ( 12)
 23 --> 144 ( 34)
 24 --> 148 ( 23)
 25 --> 126 ( 31)
 26 --> 100 ( 28)
 27 --> 124 ( 18)
 28 --> 141 ( 18)
 29 --> 114 ( 32)
 29 --> 153 ( 19)
 30 -->  10 ( 30)
 31 --> 164 ( 40)
 32 -->   9 ( 22)
 33 -->  68 ( 16)
 34 --> 147 ( 17)
 35 -->  33 ( 29)
 36 -->  50 ( 19)
 37 -->  56 ( 21)
 38 -->  21 ( 25)
 38 -->  83 ( 33)
 38 --> 150 ( 32)
 38 --> 160 ( 22)
 38 --> 167 ( 17)
 38 --> 171 ( 17)
 39 --> 109 ( 36)
 40 -->  20 ( 26)
 40 -->  96 ( 35)
 40 --> 160 ( 21)
 41 -->  20 ( 20)
 41 --> 117 ( 41)
 42 --> 114 ( 20)
 42 --> 146 (  7)
 43 -->  22 ( 16)
 43 -->  78 ( 31)
 43 --> 122 ( 34)
 44 --> 161 ( 37)
 45 -->  20 ( 22)
 45 -->  40 ( 33)
 45 -->  81 ( 27)
 45 --> 162 ( 16)
 46 -->  58 ( 29)
 47 -->  20 ( 31)
 47 -->  89 ( 36)
 47 -->  94 ( 22)
 47 -->  98 ( 20)
 47 --> 152 ( 22)
 47 --> 160 ( 14)
 47 --> 171 ( 20)
 48 -->  85 ( 36)
 49 -->  30 ( 26)
 50 -->   7 ( 25)
 51 -->   8 ( 15)
 51 -->  41 ( 30)
 51 -->  93 ( 38)
 51 --> 111 ( 21)
 51 --> 121 ( 26)
 51 --> 130 ( 29)
 52 -->  12 ( 30)
 52 -->  62 ( 22)
 52 -->  64 ( 27)
 52 -->  81 ( 22)
 52 -->  93 ( 33)
 52 --> 135 ( 41)
 52 --> 152 ( 33)
 52 --> 167 ( 34)
 53 -->  99 ( 22)
 54 --> 113 ( 17)
 55 -->   5 ( 17)
 56 -->  74 ( 33)
 57 --> 174 ( 22)
 58 --> 165 ( 13)
 59 -->  17 ( 30)
 60 -->  29 ( 22)
 60 -->  72 ( 23)
 60 -->  88 ( 41)
 60 -->  98 ( 30)
 60 --> 120 ( 34)
 61 -->   3 ( 37)
 62 -->   1 ( 21)
 62 -->  59 ( 18)
 62 --> 162 ( 15)
 63 -->  34 ( 24)
 64 -->  20 ( 35)
 64 -->  38 ( 28)
 64 -->  40 ( 15)
 64 -->  62 ( 37)
 64 -->  71 ( 28)
 64 --> 130 ( 37)
 65 --> 140 ( 36)
 66 -->  57 ( 35)
 67 -->   6 ( 28)
 68 --> 150 ( 25)
 69 -->  80 ( 27)
 70 -->  53 ( 33)
 71 -->  12 ( 43)
 71 -->  41 ( 10)
 71 --> 111 ( 23)
 71 --> 145 ( 19)
 72 -->  22 ( 32)
 73 -->  95 ( 27)
 74 --> 110 ( 21)
 75 -->  65 ( 35)
 76 -->  73 ( 29)
 77 --> 168 ( 28)
 78 -->  20 ( 31)
 78 --> 118 ( 19)
 78 --> 119 ( 20)
 78 --> 132 ( 41)
 78 --> 133 ( 33)
 79 -->  83 ( 46)
 79 --> 117 (  7)
 80 -->  70 ( 41)
 81 -->  93 ( 31)
 81 --> 111 ( 29)
 81 --> 132 ( 19)
 81 --> 150 ( 28)
 82 --> 131 ( 30)
 83 -->  72 ( 22)
 83 --> 111 ( 16)
 83 --> 132 ( 16)
 83 --> 167 (  8)
 84 -->  16 ( 17)
 85 --> 166 ( 15)
 86 --> 159 ( 30)
 87 -->  19 ( 16)
 88 -->  29 ( 21)
 88 --> 153 ( 14)
 89 -->   1 ( 36)
 89 -->  20 ( 33)
 89 -->  52 ( 24)
 89 -->  83 ( 23)
 89 --> 137 ( 29)
 90 -->  29 ( 38)
 90 -->  40 ( 13)
 90 -->  60 ( 37)
 90 -->  71 ( 29)
 90 -->  82 ( 31)
 90 -->  96 ( 29)
 90 --> 114 ( 26)
 90 --> 150 ( 12)
 91 -->  14 ( 16)
 92 --> 112 ( 24)
 93 -->  90 ( 25)
 93 --> 111 ( 21)
 94 -->  22 ( 10)
 94 -->  88 ( 27)
 94 --> 111 ( 15)
 94 --> 121 ( 28)
 94 --> 146 ( 36)
 95 -->  25 (  9)
 96 -->  64 ( 23)
 96 --> 162 ( 27)
 97 --> 149 ( 20)
 98 -->  43 ( 31)
 98 -->  45 ( 39)
 98 -->  52 ( 29)
 98 -->  72 ( 23)
 98 -->  94 ( 36)
 99 --> 103 ( 15)
100 --> 128 ( 15)
101 --> 125 ( 19)
102 -->  37 ( 14)
103 -->  84 ( 30)
104 -->  62 ( 29)
105 --> 107 ( 16)
106 --> 156 ( 29)
107 -->  63 ( 22)
108 -->  87 ( 30)
109 -->  24 ( 21)
110 --> 169 ( 38)
111 -->  21 ( 19)
111 -->  88 ( 13)
112 --> 155 ( 34)
113 --> 116 ( 11)
114 -->   1 ( 24)
114 -->  21 ( 10)
114 --> 127 ( 35)
114 --> 152 ( 22)
115 -->  93 ( 39)
115 --> 122 ( 20)
116 -->  20 ( 39)
117 -->  22 ( 25)
117 -->  83 ( 34)
117 --> 111 ( 20)
117 --> 121 ( 22)
117 --> 133 ( 36)
118 -->  93 ( 26)
118 --> 133 ( 37)
119 -->  46 ( 23)
120 -->  38 ( 20)
120 -->  43 ( 23)
120 -->  72 ( 14)
120 -->  78 ( 19)
120 --> 111 ( 23)
120 --> 130 ( 41)
120 --> 146 ( 29)
121 -->  29 ( 17)
121 -->  43 ( 14)
121 -->  62 ( 12)
121 --> 115 ( 27)
122 -->   9 ( 14)
122 -->  41 ( 16)
122 -->  79 ( 17)
122 -->  81 ( 27)
123 -->  40 ( 15)
123 -->  62 ( 39)
123 -->  64 ( 43)
123 -->  90 ( 24)
123 -->  94 ( 20)
124 -->  35 ( 36)
125 -->  69 ( 20)
126 -->  55 ( 26)
127 -->  40 ( 35)
127 -->  94 ( 31)
127 --> 160 ( 38)
127 --> 162 ( 22)
127 --> 171 ( 18)
128 --> 101 ( 23)
129 --> 154 ( 35)
130 -->  81 ( 41)
130 --> 123 ( 34)
131 --> 106 (  8)
132 -->  88 ( 29)
132 -->  94 ( 27)
132 --> 171 ( 21)
133 -->  13 ( 26)
133 -->  21 ( 24)
133 -->  41 ( 39)
133 -->  60 ( 22)
133 -->  88 ( 27)
133 -->  96 ( 29)
133 --> 123 ( 19)
133 --> 127 ( 32)
133 --> 132 ( 12)
133 --> 134 ( 21)
134 -->  66 ( 19)
135 -->  49 ( 25)
136 --> 104 ( 20)
137 --> 123 ( 28)
138 -->   8 ( 29)
138 -->   9 ( 34)
138 -->  42 ( 30)
138 -->  62 ( 26)
138 --> 133 ( 11)
139 -->  52 ( 16)
140 --> 108 ( 26)
141 -->  23 ( 32)
142 --> 129 ( 36)
143 -->  61 ( 20)
144 -->  15 ( 29)
145 -->  12 ( 36)
145 -->  79 ( 30)
145 -->  83 ( 16)
145 -->  89 ( 26)
145 --> 114 ( 23)
145 --> 150 ( 12)
145 --> 152 ( 26)
146 -->  38 ( 16)
147 --> 175 ( 21)
148 -->   8 (  7)
149 -->  86 ( 18)
150 -->   0 ( 29)
150 -->  42 ( 17)
150 -->  43 ( 20)
150 -->  71 ( 21)
150 --> 111 ( 21)
150 --> 132 ( 19)
151 -->  27 ( 24)
152 -->   9 ( 22)
152 -->  72 ( 24)
152 --> 127 ( 37)
153 -->  43 ( 13)
153 --> 111 ( 22)
153 --> 130 ( 19)
153 --> 132 ( 24)
153 --> 146 ( 18)
154 -->   4 ( 27)
155 -->   9 ( 28)
156 -->  44 ( 27)
157 -->  39 ( 23)
158 -->  45 ( 12)
158 --> 117 ( 23)
158 --> 120 ( 26)
158 --> 123 ( 27)
159 --> 143 ( 26)
160 -->  90 ( 26)
160 --> 130 ( 17)
161 --> 102 ( 29)
162 -->   9 ( 35)
162 -->  52 ( 28)
162 -->  83 ( 28)
162 --> 115 ( 14)
163 -->  51 ( 16)
163 -->  52 ( 34)
163 -->  83 ( 27)
163 --> 133 ( 31)
163 --> 145 ( 27)
163 --> 162 ( 24)
164 --> 105 ( 11)
165 -->  75 ( 22)
166 --> 172 ( 28)
167 -->  13 ( 23)
167 -->  40 ( 30)
167 --> 115 ( 35)
168 -->  97 ( 27)
169 -->  32 ( 18)
170 -->  92 ( 19)
171 -->  71 ( 40)
171 -->  94 ( 25)
171 --> 137 ( 16)
172 --> 151 ( 28)
173 -->  91 ( 25)
174 --> 142 ( 23)
175 -->  67 ( 17)
