WEIGHTED DIGRAPH 224 404:
  0 --> 178 ( 18)
  1 --> 198 ( 11)
  2 -->  73 ( 33)
  3 -->  24 ( 23)
  3 -->  82 ( 32)
  4 --> 168 ( 19)
  5 -->  30 ( 25)
  5 -->  37 ( 11)
  5 --> 106 (  4)
  6 --> 170 ( 20)
  7 -->  99 ( 19)
  8 --> 163 ( 28)
  9 --> 127 ( 27)
 10 -->  32 ( 19)
 11 -->   3 (  5)
 11 -->  19 ( 30)
 11 --> 111 ( 27)
 11 --> 184 ( 36)
 11 --> 187 ( 17)
 11 --> 189 ( 24)
 11 --> 210 ( 22)
 11 --> 215 ( 24)
 12 --> 113 ( 20)
 13 --> 145 ( 23)
 14 -->  33 ( 32)
 15 -->  88 ( 27)
 16 -->  98 ( 25)
 17 -->  44 ( 18)
 18 -->  85 ( 20)
 19 --> 159 ( 25)
 19 --> 183 ( 18)
 19 --> 184 ( 18)
 19 --> 190 ( 32)
 20 -->  24 ( 34)
 20 --> 133 ( 22)
 20 --> 159 ( 37)
 21 -->  56 ( 31)
 22 -->  47 ( 31)
 23 --> 112 ( 12)
 24 --> 128 ( 17)
 25 -->   5 ( 39)
 25 -->  11 ( 15)
 25 -->  20 ( 25)
 25 -->  35 ( 22)
 25 --> 169 ( 21)
 26 --> 115 ( 17)
 27 --> 150 ( 13)
 28 --> 125 ( 35)
 29 -->   5 ( 10)
 29 -->  75 ( 27)
 29 --> 212 ( 42)
 29 --> 216 ( 22)
 29 --> 223 ( 29)
 30 -->  54 ( 28)
 30 --> 119 ( 26)
 30 --> 134 ( 23)
 30 --> 216 ( 14)
 31 --> 105 ( 35)
 32 -->  24 ( 19)
 32 -->  37 ( 16)
 32 --> 109 ( 14)
 32 --> 134 ( 32)
 32 --> 139 ( 18)
 32 --> 223 ( 12)
 33 -->  77 ( 25)
 34 -->  13 (  8)
 35 -->  10 ( 23)
 35 -->  67 (  3)
 35 --> 107 ( 11)
 36 -->  89 ( 20)
 37 -->  19 ( 28)
 37 -->  67 ( 41)
 37 --> 107 ( 35)
 37 --> 187 ( 39)
 37 --> 215 ( 30)
 37 --> 216 ( 10)
 38 -->  62 ( 20)
 39 -->  34 ( 14)
 40 -->  65 ( 23)
 41 --> 146 ( 22)
 42 -->   6 ( 11)
 43 --> 117 ( 16)
 44 --> 166 ( 30)
 45 --> 140 ( 27)
 46 -->   9 ( 25)
 46 --> 108 ( 23)
 46 --> 139 ( 17)
 47 --> 204 ( 15)
 48 -->  84 ( 32)
 49 -->  46 ( 27)
 49 --> 133 ( 35)
 49 --> 139 ( 25)
 49 --> 210 ( 21)
 50 --> 135 ( 24)
 50 --> 174 ( 30)
 50 --> 183 ( 43)
 50 --> 200 ( 27)
 51 --> 144 ( 29)
 52 --> 147 ( 29)
 53 --> 167 ( 27)
 54 -->  10 ( 15)
 54 --> 216 ( 25)
 55 --> 211 ( 24)
 56 --> 206 ( 32)
 57 --> 135 ( 24)
 57 --> 137 ( 32)
 57 --> 174 ( 14)
 57 --> 214 ( 32)
 58 -->  60 ( 34)
 59 -->  30 ( 33)
 59 --> 121 ( 29)
 59 --> 161 ( 36)
 59 --> 222 ( 20)
 60 -->  43 ( 23)
 61 --> 214 ( 26)
 62 --> 173 ( 23)
 63 --> 141 ( 20)
 64 -->  83 ( 26)
 65 -->  36 ( 13)
 66 -->  51 ( 31)
 67 -->  19 ( 27)
 67 -->  71 ( 17)
 67 -->  75 ( 32)
 67 --> 106 ( 33)
 67 --> 109 ( 10)
 67 --> 120 ( 24)
 67 --> 121 ( 10)
 67 --> 178 ( 32)
 68 -->  42 ( 32)
 69 -->  45 ( 28)
 70 --> 209 ( 12)
 71 -->  11 ( 19)
 71 -->  29 ( 38)
 71 --> 161 ( 26)
 71 --> 169 ( 27)
 71 --> 183 ( 31)
 71 --> 223 ( 33)
 72 --> 153 ( 33)
 73 -->  11 ( 28)
 74 --> 210 ( 31)
 75 -->  24 ( 26)
 75 --> 164 ( 20)
 76 -->  74 ( 33)
 77 --> 143 ( 24)
 78 --> 110 ( 29)
 79 -->  63 ( 22)
 80 -->   4 ( 33)
 81 -->  92 ( 21)
 82 -->  75 ( 24)
 82 --> 108 ( 26)
 82 --> 128 ( 17)
 83 -->  48 ( 29)
 84 --> 181 ( 16)
 85 -->  14 ( 16)
 86 -->  32 ( 18)
 86 -->  75 ( 23)
 87 -->  55 ( 35)
 88 --> 197 ( 16)
 89 -->  41 ( 35)
 90 -->  25 ( 31)
 90 -->  32 ( 35)
 90 --> 128 ( 28)
 90 --> 188 (  6)
 91 --> 171 ( 35)
 92 --> 152 ( 28)
 93 --> 193 ( 30)
 94 --> 180 ( 30)
 95 -->  29 ( 21)
 96 -->  72 ( 28)
 97 -->   9 ( 23)
 98 -->  97 ( 43)
 99 --> 191 ( 38)
100 -->  38 ( 25)
101 --> 194 ( 30)
102 -->  78 ( 40)
103 --> 158 ( 27)
104 -->  31 ( 37)
105 --> 155 ( 19)
106 -->  35 ( 20)
106 -->  59 ( 35)
106 --> 109 ( 35)
106 --> 119 ( 28)
106 --> 159 ( 30)
107 -->  20 ( 14)
107 -->  29 ( 31)
107 --> 174 ( 29)
107 --> 184 (  5)
108 -->  30 ( 36)
108 -->  35 ( 18)
108 -->  37 ( 32)
108 --> 119 ( 31)
108 --> 190 (  8)
109 --> 210 ( 34)
110 --> 157 ( 32)
111 --> 175 ( 23)
112 -->  18 ( 26)
113 --> 196 ( 36)
114 --> 132 ( 32)
115 -->  91 ( 10)
116 --> 199 ( 17)
117 --> 133 ( 40)
118 -->  23 ( 31)
119 -->  20 ( 14)
119 --> 107 ( 37)
120 -->  10 ( 26)
120 -->  82 ( 31)
120 --> 134 ( 10)
120 --> 192 ( 27)
120 --> 200 ( 31)
120 --> 208 ( 12)
121 -->  20 ( 29)
121 --> 107 ( 24)
121 --> 210 ( 16)
121 --> 216 ( 25)
122 -->  12 ( 15)
123 --> 124 ( 33)
124 --> 118 ( 16)
125 --> 201 ( 12)
126 -->  17 ( 16)
127 -->  52 ( 24)
128 -->   3 ( 21)
129 -->   8 ( 24)
130 --> 165 ( 25)
131 --> 186 ( 28)
132 --> 129 ( 23)
133 -->   3 ( 16)
133 --> 106 ( 15)
133 --> 128 ( 37)
133 --> 131 ( 20)
134 -->  19 ( 27)
135 -->  10 ( 43)
135 -->  25 ( 24)
135 --> 107 ( 25)
135 --> 187 ( 31)
135 --> 188 ( 20)
136 -->  95 ( 23)
137 -->   9 ( 19)
137 -->  11 ( 23)
137 --> 107 ( 31)
137 --> 119 ( 32)
137 --> 161 ( 24)
137 --> 188 ( 33)
137 --> 200 ( 14)
137 --> 222 ( 19)
138 --> 172 ( 19)
139 -->  19 ( 21)
139 -->  82 ( 29)
139 --> 188 ( 30)
139 --> 205 ( 11)
140 -->  22 ( 20)
141 --> 120 ( 36)
142 -->  79 ( 15)
143 -->  96 ( 28)
144 --> 213 ( 32)
145 --> 104 ( 12)
146 -->  61 ( 21)
147 -->  21 ( 22)
148 --> 142 ( 23)
149 --> 123 ( 26)
150 -->  94 ( 16)
151 --> 203 ( 21)
152 --> 114 ( 21)
153 --> 120 ( 28)
154 -->  40 ( 30)
155 --> 101 ( 17)
156 -->   1 ( 26)
157 --> 185 ( 13)
158 -->  81 ( 36)
159 -->  10 (  4)
159 -->  35 (  5)
159 -->  49 ( 32)
159 -->  50 ( 28)
159 -->  57 ( 19)
159 -->  82 ( 30)
159 --> 135 ( 34)
159 --> 214 ( 30)
160 -->  87 ( 20)
161 -->  50 ( 17)
161 --> 109 ( 11)
161 --> 159 ( 12)
161 --> 174 ( 36)
162 --> 177 ( 16)
163 --> 162 ( 24)
164 -->  37 ( 30)
165 -->  27 ( 27)
166 -->  58 ( 25)
167 --> 182 (  4)
168 --> 138 (  2)
169 -->  82 ( 21)
169 --> 106 (  7)
169 --> 164 ( 29)
169 --> 188 ( 35)
170 -->  93 ( 32)
171 --> 220 ( 14)
172 --> 100 ( 16)
173 --> 179 ( 10)
174 --> 134 ( 21)
174 --> 183 ( 32)
174 --> 215 ( 25)
175 -->  66 ( 29)
176 --> 217 ( 11)
177 --> 176 ( 18)
178 -->  54 ( 21)
178 -->  59 ( 26)
178 --> 120 ( 19)
178 --> 151 ( 10)
178 --> 161 ( 29)
178 --> 174 ( 20)
178 --> 187 ( 27)
178 --> 205 (  8)
179 -->  69 ( 27)
180 -->  16 ( 21)
181 -->  39 ( 33)
182 -->   0 ( 29)
183 --> 108 ( 16)
183 --> 120 ( 31)
184 -->  67 (  8)
184 --> 119 ( 40)
184 --> 135 ( 23)
184 --> 159 ( 32)
184 --> 169 ( 27)
184 --> 174 ( 21)
184 --> 190 ( 13)
184 --> 205 ( 23)
185 -->   2 ( 36)
186 -->   7 ( 13)
187 -->  30 ( 22)
187 --> 106 ( 28)
187 --> 189 ( 18)
187 --> 215 ( 28)
189 --> 119 ( 11)
189 --> 121 ( 17)
189 --> 200 ( 40)
190 -->  10 ( 38)
190 -->  11 ( 34)
190 --> 106 ( 29)
190 --> 109 ( 35)
190 --> 133 ( 32)
190 --> 164 ( 36)
190 --> 169 ( 18)
191 -->  53 ( 20)
192 -->  80 ( 36)
193 --> 154 ( 32)
194 --> 136 ( 13)
195 -->  68 ( 25)
196 --> 130 ( 11)
197 --> 160 ( 24)
198 --> 195 ( 28)
199 -->  64 ( 27)
200 -->  25 ( 21)
200 -->  49 ( 30)
200 -->  57 ( 29)
200 -->  59 ( 29)
200 --> 188 ( 19)
200 --> 215 (  7)
200 --> 219 ( 21)
201 --> 200 ( 34)
202 --> 103 ( 18)
203 -->  15 ( 23)
204 -->  76 ( 33)
205 -->  24 ( 25)
205 -->  54 ( 30)
205 --> 159 ( 27)
205 --> 189 ( 27)
206 --> 102 ( 33)
207 -->  19 ( 40)
207 -->  32 ( 28)
207 -->  49 ( 36)
207 --> 164 ( 37)
207 --> 189 ( 25)
208 --> 156 ( 21)
209 --> 149 ( 26)
210 -->  50 ( 27)
210 -->  54 ( 20)
210 -->  70 ( 37)
210 -->  90 ( 27)
210 --> 107 (  9)
211 --> 218 ( 18)
212 --> 202 ( 15)
213 --> 122 ( 29)
214 -->  50 ( 17)
214 --> 121 ( 12)
214 --> 133 ( 20)
214 --> 148 ( 30)
214 --> 169 ( 27)
214 --> 210 ( 25)
215 -->  29 ( 24)
215 -->  46 ( 14)
215 -->  50 (  8)
215 -->  75 ( 18)
215 --> 107 ( 27)
215 --> 137 ( 35)
216 --> 108 (  8)
217 -->  28 ( 34)
218 -->  26 ( 12)
219 --> 221 ( 34)
220 --> 126 ( 21)
221 --> 116 ( 41)
222 -->  29 ( 14)
222 -->  54 ( 27)
222 --> 108 ( 24)
222 --> 223 ( 32)
223 --> 184 ( 23)
223 --> 214 ( 34)
