WEIGHTED DIGRAPH 180 360:
  0 --> 102 ( 19)
  1 --> 104 ( 24)
  2 -->  27 ( 26)
  2 -->  45 ( 16)
  2 --> 140 ( 34)
  3 -->  73 ( 25)
  4 -->  47 ( 33)
  5 -->  10 ( 39)
  6 -->  68 ( 14)
  7 --> 156 ( 16)
  8 --> 106 ( 15)
  8 --> 110 ( 26)
  8 --> 117 ( 30)
  8 --> 119 ( 37)
  8 --> 160 ( 37)
  9 -->  46 ( 37)
 10 -->  40 ( 28)
 11 -->  80 ( 30)
 12 -->  25 ( 21)
 12 -->  67 ( 24)
 12 --> 161 ( 22)
 12 --> 172 ( 34)
 12 --> 174 ( 22)
 13 -->  12 ( 24)
 14 --> 141 ( 12)
 15 -->  27 ( 29)
 15 -->  59 ( 18)
 15 --> 140 ( 22)
 15 --> 150 ( 34)
 16 --> 137 ( 21)
 17 -->  94 ( 31)
 18 -->  78 (  9)
 19 --> 134 ( 31)
 20 -->  60 ( 33)
 20 -->  63 ( 30)
 20 -->  69 ( 15)
 20 --> 142 ( 26)
 20 --> 168 ( 35)
 21 -->  50 ( 10)
 21 --> 117 ( 12)
 21 --> 134 ( 12)
 21 --> 168 ( 16)
 22 -->  62 ( 35)
 22 --> 154 ( 37)
 23 --> 116 ( 25)
 24 -->  92 ( 23)
 25 -->  21 ( 23)
 25 --> 115 ( 21)
 25 --> 172 ( 21)
 26 -->  50 ( 32)
 26 --> 102 ( 34)
 26 --> 110 ( 35)
 26 --> 159 ( 29)
 27 -->  11 ( 19)
 27 --> 117 ( 29)
 27 --> 118 ( 20)
 27 --> 142 ( 25)
 27 --> 171 ( 11)
 28 -->   1 ( 21)
 29 -->  61 ( 17)
 30 -->  29 ( 14)
 31 --> 114 ( 43)
 32 -->  87 ( 39)
 33 -->  79 ( 16)
 34 -->  50 ( 34)
 34 --> 106 ( 32)
 34 --> 157 ( 39)
 35 --> 113 ( 30)
 35 --> 169 ( 15)
 36 --> 107 ( 32)
 37 -->  27 ( 37)
 38 -->   9 ( 28)
 39 -->  12 ( 33)
 40 -->  88 ( 18)
 41 --> 179 ( 32)
 42 -->  71 ( 34)
 42 --> 106 ( 35)
 42 --> 150 ( 30)
 43 --> 162 ( 19)
 44 -->  38 ( 13)
 45 -->  34 ( 25)
 45 -->  55 ( 28)
 45 -->  74 ( 18)
 45 -->  76 ( 27)
 45 -->  93 ( 31)
 45 --> 140 ( 26)
 45 --> 167 ( 28)
 45 --> 172 ( 16)
 46 -->  70 ( 24)
 47 -->  43 ( 13)
 48 --> 124 ( 18)
 49 --> 155 ( 34)
 50 -->   8 ( 30)
 50 -->  15 ( 39)
 50 --> 113 ( 26)
 50 --> 117 ( 20)
 51 -->  90 ( 14)
 52 -->  33 (  9)
 53 -->  37 ( 15)
 54 -->  28 ( 14)
 55 -->  85 ( 35)
 55 --> 113 ( 30)
 56 --> 173 ( 29)
 57 -->  84 ( 22)
 58 -->  19 ( 12)
 58 -->  69 ( 30)
 59 -->  22 ( 16)
 59 -->  71 ( 19)
 59 --> 108 ( 19)
 59 --> 134 ( 26)
 59 --> 157 ( 13)
 60 -->  27 ( 36)
 60 -->  42 (  9)
 60 --> 140 ( 33)
 60 --> 159 ( 33)
 60 --> 168 ( 10)
 61 -->  31 ( 12)
 62 -->   8 ( 26)
 62 -->  35 ( 36)
 62 -->  71 ( 22)
 62 --> 103 ( 27)
 63 -->  19 (  5)
 63 -->  62 ( 37)
 63 -->  91 ( 22)
 63 --> 108 ( 14)
 63 --> 120 ( 23)
 63 --> 139 ( 14)
 63 --> 167 ( 17)
 63 --> 172 ( 26)
 64 --> 113 ( 30)
 65 -->  35 ( 34)
 66 -->   0 ( 32)
 67 --> 149 ( 23)
 68 --> 138 ( 31)
 69 -->  22 ( 14)
 69 -->  27 ( 14)
 70 -->  39 ( 21)
 71 -->  45 ( 23)
 71 --> 120 ( 11)
 72 -->  23 ( 25)
 73 --> 170 ( 17)
 74 -->  15 ( 12)
 74 --> 134 ( 14)
 75 -->   8 ( 28)
 75 --> 113 ( 15)
 75 --> 117 ( 24)
 75 --> 167 ( 34)
 77 -->  25 ( 31)
 77 -->  60 ( 23)
 77 --> 102 ( 19)
 77 --> 106 ( 27)
 77 --> 119 ( 23)
 77 --> 176 ( 31)
 78 -->   6 ( 17)
 79 --> 130 ( 23)
 80 -->  36 ( 36)
 81 --> 143 ( 32)
 82 -->  24 ( 31)
 83 --> 100 ( 24)
 84 -->  66 ( 27)
 86 -->  41 ( 34)
 87 -->  81 ( 24)
 88 -->  32 ( 22)
 89 --> 163 ( 14)
 90 --> 147 ( 19)
 91 -->  20 ( 29)
 91 -->  77 ( 25)
 91 --> 106 ( 15)
 91 --> 119 (  6)
 91 --> 142 ( 32)
 92 --> 106 ( 18)
 93 -->   7 ( 25)
 94 --> 132 ( 40)
 95 --> 178 ( 19)
 96 --> 158 ( 34)
 97 -->  72 ( 16)
 98 -->  63 ( 34)
 99 -->  19 ( 10)
 99 -->  59 ( 34)
 99 --> 115 ( 34)
 99 --> 171 ( 20)
100 -->  30 ( 35)
101 -->   5 ( 24)
102 -->  21 ( 23)
102 -->  69 ( 39)
102 -->  85 ( 34)
102 -->  99 ( 13)
102 --> 103 ( 22)
102 --> 119 ( 13)
102 --> 157 ( 18)
102 --> 167 ( 15)
102 --> 175 ( 22)
103 -->  42 ( 31)
103 -->  59 ( 19)
103 -->  77 ( 15)
103 --> 110 ( 22)
103 --> 167 ( 37)
104 --> 151 ( 41)
105 -->  57 ( 33)
106 -->  26 ( 25)
106 --> 111 ( 25)
106 --> 157 (  4)
107 -->   3 ( 11)
108 -->  34 ( 22)
108 -->  60 ( 20)
108 -->  71 ( 31)
108 -->  99 ( 14)
108 --> 106 ( 22)
108 --> 118 ( 21)
109 -->  54 ( 31)
110 --> 134 ( 26)
111 --> 166 ( 38)
112 -->   8 (  8)
112 -->  22 ( 19)
113 -->  45 ( 12)
113 -->  60 ( 23)
113 --> 106 ( 20)
113 --> 121 ( 27)
114 -->  98 ( 27)
115 -->  58 ( 31)
115 -->  63 ( 17)
115 -->  77 ( 29)
115 --> 117 ( 29)
115 --> 150 ( 20)
115 --> 168 ( 32)
116 --> 125 ( 14)
117 --> 110 ( 32)
117 --> 122 ( 18)
117 --> 161 ( 24)
118 -->  21 ( 29)
118 -->  22 ( 18)
118 -->  25 ( 26)
118 -->  91 ( 19)
119 -->  27 ( 19)
119 -->  59 ( 30)
119 --> 140 ( 19)
119 --> 142 ( 25)
120 -->  15 ( 23)
120 -->  45 ( 22)
120 -->  69 ( 28)
120 -->  91 ( 27)
120 --> 119 ( 28)
120 --> 160 ( 14)
120 --> 168 ( 23)
121 --> 101 ( 35)
122 -->   8 ( 30)
122 -->  15 ( 23)
123 -->  89 ( 44)
124 -->  44 ( 22)
125 -->  96 ( 40)
126 -->  95 ( 28)
127 -->  14 ( 34)
128 -->  58 ( 37)
128 -->  76 ( 31)
128 --> 113 ( 23)
128 --> 160 ( 23)
129 -->  83 ( 23)
130 --> 144 ( 22)
131 --> 164 ( 22)
132 --> 177 ( 29)
133 -->  51 ( 23)
134 -->  75 ( 31)
134 -->  85 ( 44)
135 --> 148 ( 29)
136 -->  17 ( 18)
137 -->  49 ( 30)
138 -->  53 ( 25)
139 --> 135 ( 32)
140 -->  35 ( 39)
140 --> 110 ( 31)
140 --> 117 ( 21)
140 --> 150 ( 19)
140 --> 157 ( 31)
141 --> 146 ( 33)
142 -->  77 ( 21)
142 --> 102 ( 37)
142 --> 161 ( 28)
143 --> 105 ( 11)
144 -->  16 ( 23)
145 -->  13 ( 26)
146 --> 153 ( 15)
147 --> 131 ( 15)
148 -->  52 ( 26)
149 -->  56 ( 30)
150 -->  58 ( 42)
150 --> 142 ( 29)
151 -->  97 ( 25)
152 --> 133 ( 27)
153 --> 129 ( 30)
154 --> 110 ( 22)
154 --> 115 ( 27)
154 --> 119 ( 20)
154 --> 120 ( 25)
154 --> 142 ( 26)
154 --> 176 ( 42)
155 -->  65 ( 23)
156 --> 123 ( 19)
157 -->  15 ( 30)
157 -->  20 ( 11)
157 -->  21 ( 28)
157 -->  63 ( 25)
157 -->  99 ( 38)
157 --> 110 ( 24)
157 --> 159 ( 24)
157 --> 171 ( 18)
158 -->  45 ( 23)
159 -->  42 ( 25)
159 --> 119 ( 34)
159 --> 167 ( 36)
159 --> 172 ( 20)
160 -->  20 ( 24)
160 --> 157 ( 12)
160 --> 176 ( 26)
161 -->  20 ( 35)
161 --> 113 ( 18)
161 --> 168 ( 18)
161 --> 171 ( 25)
162 -->  48 ( 32)
163 -->  12 ( 23)
163 -->  19 ( 33)
163 -->  20 ( 12)
163 -->  25 ( 32)
163 -->  42 ( 33)
163 -->  77 ( 22)
163 --> 102 ( 29)
163 --> 136 ( 35)
164 -->  64 ( 20)
165 --> 109 (  6)
166 --> 126 ( 36)
167 -->  58 ( 35)
167 -->  59 ( 32)
167 --> 142 ( 18)
168 --> 134 ( 20)
168 --> 172 ( 17)
169 --> 127 ( 29)
170 --> 145 ( 28)
171 -->  22 ( 25)
171 -->  45 ( 23)
171 --> 106 ( 22)
171 --> 112 ( 23)
172 -->  42 ( 29)
172 -->  59 ( 16)
172 -->  71 ( 20)
172 -->  76 ( 28)
172 --> 102 ( 37)
172 --> 110 ( 18)
172 --> 161 ( 14)
172 --> 176 ( 20)
173 -->  82 ( 25)
174 -->  86 ( 23)
175 --> 152 ( 28)
176 -->  15 (  6)
176 -->  22 ( 30)
176 -->  75 ( 33)
176 -->  85 ( 15)
176 --> 117 ( 22)
176 --> 157 ( 37)
177 --> 165 ( 33)
178 -->   4 ( 20)
179 -->  18 ( 12)
