WEIGHTED DIGRAPH 206 386:
  0 -->  29 ( 27)
  1 -->  33 ( 20)
  1 -->  79 ( 30)
  1 -->  91 ( 21)
  1 --> 120 ( 19)
  1 --> 201 ( 19)
  2 --> 112 ( 23)
  3 -->   1 ( 21)
  3 -->   6 ( 19)
  3 --> 163 ( 15)
  3 --> 171 ( 34)
  3 --> 177 ( 24)
  3 --> 198 ( 20)
  3 --> 203 ( 19)
  4 --> 125 ( 11)
  5 -->   4 ( 42)
  6 --> 122 ( 21)
  6 --> 149 ( 22)
  7 -->  40 ( 10)
  8 --> 148 ( 30)
  9 -->  64 ( 26)
 10 --> 183 ( 14)
 11 -->  12 ( 29)
 11 -->  79 (  7)
 11 --> 149 ( 27)
 11 --> 154 ( 18)
 11 --> 158 ( 36)
 11 --> 184 ( 35)
 11 --> 205 ( 35)
 12 -->   3 ( 21)
 13 -->  15 ( 22)
 14 -->  53 ( 36)
 15 -->  41 (  4)
 16 --> 187 ( 16)
 17 --> 181 ( 28)
 18 --> 166 ( 28)
 19 --> 111 ( 12)
 20 --> 144 ( 18)
 21 --> 103 ( 36)
 22 -->  75 ( 27)
 22 --> 196 ( 45)
 23 --> 131 ( 23)
 23 --> 203 ( 24)
 24 --> 155 ( 30)
 25 -->  31 ( 27)
 26 --> 203 ( 19)
 27 -->  21 ( 28)
 28 --> 105 ( 18)
 29 -->  97 ( 18)
 30 --> 193 ( 22)
 31 --> 142 ( 33)
 32 -->  47 ( 13)
 33 -->  23 ( 24)
 33 -->  45 ( 19)
 33 --> 104 ( 34)
 33 --> 149 ( 29)
 34 --> 175 ( 26)
 35 --> 123 ( 32)
 36 --> 195 ( 22)
 37 -->  74 ( 22)
 37 --> 122 ( 29)
 37 --> 143 ( 24)
 37 --> 146 ( 34)
 37 --> 159 ( 42)
 37 --> 174 ( 17)
 38 --> 138 ( 29)
 39 -->  87 ( 20)
 40 -->  93 ( 35)
 41 --> 202 ( 29)
 42 --> 101 ( 31)
 43 --> 191 ( 28)
 44 --> 109 ( 21)
 45 -->   1 ( 20)
 45 -->   6 ( 35)
 45 -->  57 ( 29)
 45 --> 115 ( 17)
 45 --> 152 ( 42)
 45 --> 201 ( 12)
 46 -->  92 ( 17)
 47 --> 196 ( 20)
 48 -->  22 ( 37)
 48 --> 104 ( 24)
 48 --> 167 ( 21)
 49 --> 117 ( 30)
 50 -->  27 ( 29)
 51 -->  49 ( 31)
 52 -->  51 ( 23)
 53 --> 128 ( 30)
 54 -->  11 ( 28)
 55 --> 151 ( 18)
 56 -->  88 ( 19)
 57 --> 137 ( 18)
 57 --> 157 ( 11)
 57 --> 158 ( 33)
 58 --> 164 ( 14)
 59 --> 200 ( 24)
 60 -->  52 ( 23)
 61 -->  78 ( 29)
 62 -->  12 ( 18)
 62 --> 120 ( 30)
 62 --> 177 ( 25)
 62 --> 189 ( 15)
 63 -->  48 ( 20)
 64 -->   6 ( 14)
 64 -->  22 ( 21)
 64 -->  47 ( 35)
 64 --> 129 ( 36)
 64 --> 136 ( 39)
 64 --> 177 ( 20)
 64 --> 198 ( 22)
 65 -->  71 ( 17)
 66 --> 168 ( 20)
 67 -->  35 ( 30)
 68 -->  32 ( 36)
 68 -->  64 ( 25)
 68 --> 149 ( 28)
 68 --> 171 ( 25)
 68 --> 177 ( 24)
 68 --> 201 ( 21)
 69 --> 100 ( 31)
 70 --> 134 ( 32)
 71 --> 113 ( 18)
 72 -->  59 ( 25)
 73 --> 170 ( 19)
 74 -->  79 ( 37)
 75 -->  12 ( 21)
 75 -->  85 ( 34)
 75 --> 161 ( 18)
 75 --> 201 ( 15)
 76 --> 133 ( 24)
 77 -->  19 ( 28)
 78 -->  44 ( 26)
 79 -->  62 ( 23)
 79 -->  85 ( 20)
 79 --> 160 ( 32)
 80 --> 190 (  8)
 81 -->  65 ( 26)
 82 --> 199 ( 33)
 83 -->  11 ( 37)
 83 -->  47 (  9)
 83 -->  68 ( 12)
 83 --> 154 ( 34)
 84 -->  47 ( 16)
 84 -->  91 (  8)
 84 --> 122 ( 17)
 84 --> 163 ( 26)
 84 --> 184 ( 30)
 84 --> 198 ( 37)
 85 --> 177 ( 19)
 86 -->  66 ( 38)
 87 -->  86 ( 32)
 88 -->  42 ( 33)
 89 --> 147 ( 17)
 90 -->   9 ( 27)
 91 -->  33 ( 32)
 91 -->  68 ( 19)
 91 --> 110 ( 35)
 91 --> 118 ( 16)
 91 --> 152 ( 26)
 91 --> 161 ( 23)
 91 --> 204 ( 27)
 92 --> 153 ( 23)
 93 --> 165 ( 24)
 94 --> 182 ( 31)
 95 -->  23 ( 37)
 95 -->  45 ( 28)
 95 -->  48 ( 21)
 95 -->  57 ( 21)
 95 -->  85 ( 28)
 95 --> 154 ( 20)
 95 --> 160 ( 27)
 95 --> 184 ( 13)
 95 --> 189 ( 11)
 95 --> 204 ( 33)
 96 -->  33 ( 12)
 96 --> 126 ( 30)
 97 --> 108 ( 24)
 98 --> 106 ( 20)
 99 -->  43 ( 19)
100 --> 115 ( 28)
101 --> 139 ( 12)
102 --> 173 ( 18)
103 --> 185 ( 21)
104 -->  47 ( 14)
105 --> 169 ( 43)
106 --> 121 ( 28)
107 --> 192 ( 25)
108 --> 184 ( 18)
109 -->  63 ( 23)
110 -->  11 ( 26)
110 -->  57 ( 20)
110 --> 171 ( 26)
111 -->  25 ( 28)
112 --> 177 ( 28)
113 -->  58 ( 21)
114 --> 157 ( 12)
115 -->  83 ( 25)
115 --> 166 ( 36)
115 --> 197 ( 20)
116 -->  90 ( 16)
117 --> 179 ( 29)
118 -->  33 ( 23)
118 -->  45 ( 20)
118 -->  83 ( 26)
118 --> 119 ( 24)
118 --> 177 (  9)
118 --> 196 ( 28)
118 --> 203 ( 37)
119 --> 143 ( 44)
119 --> 157 ( 22)
119 --> 184 ( 28)
120 -->  22 ( 19)
120 -->  74 ( 24)
120 -->  79 ( 28)
120 --> 104 ( 34)
121 -->   8 ( 22)
122 --> 184 ( 19)
122 --> 196 ( 39)
123 -->  98 ( 12)
124 --> 130 ( 31)
125 --> 124 ( 22)
126 -->  75 ( 40)
126 --> 198 ( 30)
126 --> 203 ( 17)
127 --> 135 ( 18)
128 -->  82 ( 23)
129 -->  61 ( 17)
130 -->  55 ( 24)
131 -->  57 ( 28)
131 -->  74 ( 22)
131 -->  83 ( 37)
131 --> 122 ( 23)
131 --> 136 ( 21)
131 --> 203 ( 19)
131 --> 204 ( 15)
132 -->   6 ( 21)
132 -->  47 ( 35)
132 --> 136 ( 20)
132 --> 143 ( 26)
133 -->  39 ( 31)
134 -->  77 ( 25)
135 -->  94 ( 24)
136 -->  84 ( 32)
136 -->  85 ( 17)
136 --> 110 ( 25)
136 --> 154 ( 28)
136 --> 171 ( 30)
136 --> 203 ( 16)
137 -->  38 ( 23)
138 -->  67 ( 27)
139 -->  34 ( 23)
140 --> 162 ( 28)
141 -->  23 ( 33)
142 -->  54 ( 28)
143 -->  64 ( 30)
143 --> 152 ( 26)
143 --> 158 ( 18)
144 -->   0 ( 36)
145 -->  99 ( 42)
146 -->  32 ( 27)
146 --> 126 ( 20)
147 -->  26 ( 23)
148 -->  50 ( 31)
149 -->  12 ( 29)
149 -->  37 ( 38)
149 -->  91 ( 28)
149 --> 120 ( 18)
149 --> 126 ( 24)
150 -->  60 ( 11)
151 -->  89 ( 27)
152 -->  23 ( 13)
152 -->  62 ( 28)
152 -->  68 ( 25)
152 --> 110 ( 27)
152 --> 126 ( 24)
152 --> 198 ( 36)
153 --> 140 (  9)
154 -->  64 ( 19)
154 --> 119 ( 41)
155 -->  69 ( 26)
156 -->   7 ( 35)
157 -->  72 ( 35)
157 -->  79 ( 26)
158 -->   6 ( 28)
158 -->  23 ( 28)
158 -->  32 ( 22)
158 -->  85 ( 23)
158 -->  95 ( 34)
158 --> 120 ( 25)
159 -->   3 ( 23)
159 -->  85 ( 13)
159 --> 126 ( 22)
159 --> 174 ( 17)
159 --> 189 ( 16)
160 --> 104 ( 19)
160 --> 120 ( 37)
160 --> 146 ( 31)
160 --> 149 ( 11)
160 --> 171 ( 21)
160 --> 189 ( 23)
161 --> 184 ( 45)
161 --> 196 ( 32)
162 -->  56 ( 44)
163 -->  22 ( 13)
163 -->  45 ( 38)
163 --> 115 ( 25)
163 --> 122 ( 23)
163 --> 152 ( 28)
163 --> 174 ( 22)
164 -->  16 ( 15)
165 --> 188 ( 18)
166 -->   1 ( 24)
166 -->  10 ( 35)
166 -->  45 ( 15)
166 --> 149 ( 26)
167 --> 176 ( 36)
168 -->  30 ( 22)
169 -->  70 ( 24)
170 -->  57 ( 22)
172 --> 127 ( 33)
173 -->  17 ( 33)
174 -->  75 ( 28)
174 -->  83 ( 20)
174 -->  96 ( 23)
174 --> 152 ( 21)
175 --> 180 ( 23)
176 -->  36 ( 27)
177 -->   1 ( 30)
177 -->  91 ( 29)
177 --> 132 ( 11)
177 --> 156 ( 25)
177 --> 189 ( 23)
178 --> 107 ( 27)
179 -->  13 ( 30)
180 --> 116 ( 24)
181 -->  80 ( 37)
182 -->  24 ( 38)
183 -->   5 ( 12)
184 -->  33 ( 45)
184 -->  83 ( 22)
184 --> 145 ( 13)
184 --> 196 ( 32)
184 --> 198 ( 25)
185 --> 178 ( 31)
186 --> 150 ( 33)
187 -->  76 ( 23)
188 --> 186 ( 40)
189 -->  32 ( 36)
189 --> 141 ( 24)
189 --> 154 (  9)
190 --> 172 ( 45)
191 -->   2 ( 16)
192 --> 114 ( 24)
193 -->  73 ( 28)
194 -->  28 ( 25)
195 -->  46 ( 24)
196 -->  48 (  8)
196 -->  85 ( 28)
196 --> 110 ( 25)
196 --> 131 ( 11)
196 --> 132 (  9)
196 --> 143 ( 37)
196 --> 174 ( 15)
197 --> 194 ( 29)
198 -->  45 ( 32)
198 -->  48 ( 39)
198 -->  91 ( 13)
198 --> 143 ( 34)
199 -->  18 ( 25)
200 -->  81 ( 39)
201 -->  23 ( 30)
201 -->  32 ( 17)
201 -->  37 ( 28)
201 --> 110 ( 12)
201 --> 120 ( 29)
201 --> 157 ( 26)
202 -->  20 ( 20)
203 -->  14 ( 39)
203 -->  22 ( 31)
203 -->  74 ( 27)
203 -->  75 ( 24)
203 --> 161 ( 34)
204 --> 143 ( 14)
204 --> 154 ( 31)
204 --> 171 ( 23)
205 --> 102 ( 35)
