WEIGHTED DIGRAPH 204 384:
  0 --> 111 ( 14)
  0 --> 143 ( 29)
  0 --> 173 ( 32)
  1 -->  51 ( 25)
  2 --> 181 ( 14)
  3 -->  91 ( 47)
  4 -->  94 ( 30)
  5 -->  52 ( 19)
  6 -->  81 ( 18)
  6 -->  82 ( 24)
  6 -->  99 ( 38)
  7 --> 164 ( 16)
  8 -->   6 ( 19)
  8 --> 169 ( 26)
  9 -->  80 ( 20)
  9 --> 173 ( 14)
  9 --> 202 ( 32)
 10 --> 138 ( 12)
 11 --> 106 ( 24)
 12 --> 163 ( 39)
 13 -->  61 ( 41)
 14 -->  50 ( 44)
 15 -->  42 ( 22)
 16 -->   6 ( 28)
 16 -->  21 ( 13)
 16 -->  36 ( 32)
 16 -->  37 ( 11)
 16 -->  41 ( 29)
 16 --> 115 ( 22)
 16 --> 196 ( 24)
 17 --> 183 ( 12)
 18 -->  21 ( 26)
 18 -->  69 (  6)
 18 -->  76 ( 39)
 18 --> 118 ( 20)
 18 --> 149 ( 30)
 18 --> 196 ( 19)
 19 --> 100 ( 40)
 20 -->  17 ( 23)
 21 -->  99 ( 42)
 21 --> 160 ( 31)
 21 --> 170 ( 18)
 21 --> 171 ( 19)
 21 --> 186 ( 27)
 22 --> 176 ( 22)
 23 --> 110 ( 24)
 24 --> 137 ( 12)
 25 --> 152 ( 25)
 26 --> 167 ( 22)
 27 -->  55 ( 25)
 28 -->  20 ( 10)
 29 -->  36 ( 28)
 29 --> 128 ( 20)
 29 --> 171 ( 23)
 30 --> 197 ( 42)
 31 -->  41 ( 39)
 31 -->  95 ( 16)
 31 --> 115 ( 24)
 31 --> 143 ( 19)
 31 --> 170 ( 34)
 32 -->  37 ( 29)
 32 -->  76 ( 24)
 32 --> 109 ( 33)
 32 --> 146 ( 24)
 32 --> 165 ( 11)
 32 --> 203 ( 18)
 33 -->   6 ( 20)
 33 -->  68 ( 26)
 33 --> 165 ( 25)
 33 --> 196 ( 21)
 33 --> 200 ( 31)
 34 --> 132 ( 25)
 35 -->   8 ( 35)
 36 -->   0 ( 43)
 36 -->  21 ( 38)
 36 -->  31 ( 27)
 36 -->  45 ( 27)
 36 --> 100 ( 13)
 36 --> 115 ( 32)
 36 --> 117 ( 36)
 37 --> 125 ( 26)
 37 --> 171 ( 21)
 37 --> 186 ( 26)
 38 -->  74 ( 28)
 39 --> 192 ( 28)
 40 --> 101 ( 24)
 41 -->  81 ( 27)
 41 --> 127 ( 29)
 42 --> 107 (  8)
 43 --> 139 ( 20)
 44 -->  57 ( 22)
 45 -->   0 ( 18)
 45 -->  18 ( 17)
 45 -->  65 ( 21)
 45 --> 105 ( 15)
 45 --> 157 ( 21)
 46 --> 134 ( 25)
 47 --> 189 ( 28)
 48 --> 187 ( 31)
 49 -->  86 ( 21)
 50 -->  23 ( 29)
 51 --> 126 ( 30)
 52 --> 184 ( 17)
 53 --> 127 ( 32)
 54 -->  40 ( 13)
 55 -->  34 ( 27)
 56 -->  13 ( 22)
 57 -->  97 ( 33)
 58 --> 120 ( 17)
 59 -->  38 ( 23)
 60 -->  59 ( 22)
 61 --> 174 ( 25)
 62 --> 142 ( 20)
 63 --> 198 ( 31)
 64 --> 186 ( 19)
 65 --> 149 ( 22)
 65 --> 171 ( 30)
 66 -->  26 ( 21)
 67 --> 159 ( 32)
 68 -->  46 ( 20)
 69 -->   9 ( 14)
 69 -->  16 ( 18)
 69 --> 111 ( 15)
 69 --> 188 ( 23)
 70 --> 158 ( 39)
 71 -->   7 ( 15)
 72 --> 175 ( 17)
 73 -->  93 ( 21)
 74 -->  75 ( 10)
 75 --> 147 ( 13)
 76 -->   8 ( 15)
 76 -->  80 ( 26)
 76 --> 188 ( 22)
 76 --> 201 ( 33)
 76 --> 202 ( 28)
 77 -->  70 ( 23)
 78 -->  79 ( 36)
 79 -->  96 ( 21)
 80 -->  33 ( 29)
 80 -->  82 ( 42)
 80 --> 115 ( 22)
 80 --> 128 ( 17)
 81 -->  29 ( 34)
 81 --> 125 ( 16)
 81 --> 128 ( 25)
 81 --> 143 ( 43)
 81 --> 171 ( 19)
 82 -->  21 ( 22)
 82 -->  95 ( 32)
 82 --> 171 ( 28)
 83 -->  56 ( 23)
 84 -->  71 ( 21)
 85 -->  15 ( 33)
 86 --> 103 ( 12)
 87 --> 182 ( 17)
 88 --> 179 ( 26)
 89 -->  39 ( 27)
 90 -->  53 ( 29)
 91 -->  77 ( 33)
 92 --> 191 ( 13)
 93 -->  62 ( 39)
 94 --> 156 ( 20)
 95 -->   8 ( 10)
 95 -->  29 ( 25)
 95 --> 148 ( 14)
 95 --> 173 ( 33)
 96 --> 193 ( 26)
 97 --> 178 ( 26)
 98 -->  12 ( 41)
 99 -->   9 ( 27)
 99 -->  31 ( 35)
100 -->   0 ( 23)
100 --> 119 (  8)
100 --> 125 ( 40)
100 --> 129 ( 31)
101 --> 180 ( 31)
102 -->  82 ( 29)
102 -->  95 ( 25)
102 --> 128 ( 17)
102 --> 196 ( 19)
103 -->  14 ( 17)
104 --> 135 ( 37)
105 -->  32 ( 32)
105 -->  99 ( 21)
105 --> 143 ( 31)
105 --> 150 ( 16)
106 --> 154 ( 12)
107 -->  84 ( 14)
108 -->  49 ( 31)
109 --> 105 ( 14)
110 --> 186 ( 16)
111 --> 125 ( 24)
111 --> 141 ( 25)
111 --> 171 ( 42)
111 --> 173 ( 30)
112 --> 127 ( 32)
113 -->  98 ( 18)
114 --> 133 ( 32)
115 -->  65 ( 21)
115 -->  95 ( 24)
115 --> 186 ( 23)
116 -->   4 ( 28)
117 -->  80 ( 33)
117 --> 119 ( 19)
117 --> 171 ( 19)
118 -->  76 ( 19)
118 --> 145 ( 25)
119 -->   6 ( 25)
119 -->  16 ( 12)
119 -->  18 ( 11)
119 -->  67 ( 35)
119 --> 201 ( 27)
120 -->  54 ( 25)
121 -->  81 ( 30)
121 --> 117 ( 20)
121 --> 118 ( 40)
121 --> 157 ( 27)
122 -->   3 ( 14)
123 --> 144 ( 18)
124 -->  66 ( 26)
125 -->  69 ( 23)
125 --> 127 ( 21)
125 --> 130 ( 24)
125 --> 148 ( 15)
126 --> 123 ( 22)
127 -->  27 ( 13)
127 -->  37 ( 21)
127 -->  81 ( 32)
127 --> 151 ( 36)
128 -->  18 ( 46)
128 --> 105 ( 28)
128 --> 148 ( 17)
128 --> 171 ( 34)
129 -->  73 ( 26)
130 -->  18 ( 21)
130 -->  31 ( 29)
130 -->  33 ( 22)
130 --> 118 ( 33)
130 --> 150 ( 36)
130 --> 165 ( 33)
130 --> 196 ( 26)
131 --> 113 ( 18)
132 --> 140 ( 23)
133 --> 162 ( 32)
134 -->  85 ( 29)
135 -->  88 ( 27)
136 -->  24 ( 29)
137 --> 112 ( 37)
138 -->   2 (  4)
139 -->  87 (  7)
140 -->  89 ( 30)
141 --> 128 ( 10)
142 -->  22 ( 33)
143 -->  16 ( 33)
143 --> 102 ( 31)
143 --> 127 ( 38)
143 --> 130 ( 10)
143 --> 148 ( 20)
143 --> 150 ( 42)
144 --> 199 ( 14)
145 -->   8 ( 36)
145 -->   9 ( 29)
145 -->  45 ( 20)
145 --> 119 ( 16)
145 --> 141 ( 24)
145 --> 146 ( 34)
145 --> 195 ( 27)
146 -->   6 ( 19)
146 -->  29 ( 17)
146 -->  69 ( 11)
146 --> 121 ( 32)
147 --> 131 ( 16)
148 -->   9 ( 31)
148 -->  18 ( 23)
148 --> 117 ( 41)
148 --> 165 ( 17)
148 --> 200 ( 20)
149 --> 100 ( 31)
149 --> 105 ( 19)
149 --> 127 ( 37)
149 --> 143 ( 22)
149 --> 146 ( 16)
149 --> 170 ( 28)
150 -->  81 ( 18)
150 --> 102 ( 29)
150 --> 109 ( 37)
150 --> 111 ( 12)
150 --> 149 ( 22)
151 -->  44 ( 19)
152 -->  90 ( 40)
153 -->   5 ( 22)
154 -->  64 ( 30)
155 -->  78 (  9)
156 --> 122 ( 17)
157 -->  82 ( 14)
157 --> 115 ( 12)
157 --> 150 ( 16)
157 --> 200 ( 24)
158 -->  43 ( 28)
159 -->  28 ( 29)
160 --> 100 ( 31)
160 --> 105 ( 26)
160 --> 115 ( 14)
161 -->  60 ( 11)
162 --> 155 ( 17)
163 -->  35 ( 15)
164 -->  63 ( 27)
165 --> 171 ( 35)
165 --> 201 ( 22)
166 -->  30 ( 25)
167 --> 161 ( 11)
168 -->  72 (  2)
169 -->   1 ( 22)
170 -->  76 ( 30)
170 --> 203 ( 31)
171 -->  41 ( 28)
171 --> 119 ( 30)
171 --> 143 ( 20)
172 -->  83 ( 24)
173 -->   6 ( 14)
173 --> 121 ( 30)
173 --> 145 (  7)
173 --> 196 ( 29)
173 --> 202 ( 22)
174 -->  33 ( 25)
175 --> 153 ( 28)
176 --> 108 ( 39)
177 -->  47 ( 32)
178 --> 114 ( 18)
179 -->  19 ( 13)
180 -->  48 ( 36)
181 --> 124 ( 39)
182 --> 177 ( 27)
183 --> 168 ( 21)
184 --> 203 ( 22)
185 --> 148 ( 12)
185 --> 160 ( 20)
186 -->  99 ( 16)
186 --> 104 ( 26)
186 --> 116 ( 15)
186 --> 145 ( 17)
186 --> 160 ( 23)
187 --> 166 ( 20)
188 -->  33 ( 20)
188 -->  36 ( 11)
188 --> 102 ( 17)
188 --> 130 ( 18)
188 --> 157 ( 24)
189 -->  25 ( 36)
190 -->  92 ( 21)
191 -->  11 ( 22)
192 --> 190 ( 34)
193 --> 172 ( 25)
194 --> 115 ( 29)
194 --> 128 ( 26)
194 --> 150 ( 31)
195 -->   9 (  7)
195 --> 143 ( 20)
195 --> 165 ( 19)
195 --> 196 (  9)
196 -->   6 ( 16)
196 -->  10 ( 16)
196 -->  41 ( 28)
196 -->  80 ( 13)
196 --> 125 ( 18)
196 --> 170 ( 16)
197 --> 119 ( 21)
198 --> 136 ( 10)
199 --> 196 ( 23)
200 -->   8 ( 22)
200 -->  29 ( 14)
201 -->  29 ( 21)
201 -->  99 ( 18)
201 --> 111 ( 30)
201 --> 157 ( 10)
201 --> 170 ( 22)
201 --> 200 ( 17)
202 -->  69 ( 33)
202 --> 121 ( 11)
202 --> 125 ( 30)
202 --> 145 ( 18)
202 --> 146 ( 24)
203 -->  58 ( 33)
203 --> 109 ( 29)
