WEIGHTED DIGRAPH 176 356:
  0 -->  98 ( 28)
  1 --> 127 ( 29)
  2 -->  70 ( 19)
  3 -->  12 ( 24)
  4 -->  65 ( 22)
  4 -->  91 ( 20)
  4 --> 103 ( 19)
  5 -->  45 ( 13)
  6 -->  78 ( 10)
  7 --> 126 ( 26)
  8 -->   2 ( 32)
  9 -->  52 ( 31)
 10 -->  74 ( 20)
 11 --> 105 ( 15)
 12 -->  35 ( 38)
 13 -->  21 ( 19)
 13 -->  69 ( 12)
 13 -->  91 ( 13)
 13 --> 133 ( 24)
 13 --> 147 ( 31)
 14 --> 138 ( 36)
 15 --> 167 ( 37)
 16 --> 108 ( 18)
 17 -->  10 ( 32)
 18 --> 142 ( 25)
 19 -->  50 ( 16)
 19 --> 122 ( 32)
 20 --> 141 ( 33)
 21 -->   4 ( 37)
 21 -->  38 ( 21)
 21 -->  98 ( 29)
 21 --> 100 ( 29)
 21 --> 109 ( 18)
 21 --> 164 ( 21)
 22 -->  13 ( 33)
 22 -->  19 ( 24)
 22 -->  21 ( 35)
 22 -->  76 ( 19)
 22 -->  98 ( 22)
 22 --> 119 ( 32)
 22 --> 124 ( 21)
 23 -->  27 ( 32)
 23 -->  50 ( 20)
 23 -->  65 ( 36)
 23 --> 112 ( 33)
 24 -->  18 ( 25)
 25 -->  22 ( 36)
 25 -->  26 ( 27)
 25 -->  27 ( 15)
 25 -->  29 ( 30)
 25 -->  50 ( 33)
 25 -->  96 ( 22)
 27 -->  79 ( 20)
 27 -->  93 ( 20)
 27 -->  98 ( 24)
 27 --> 151 ( 32)
 28 -->  62 ( 33)
 29 -->  19 ( 36)
 29 -->  50 ( 19)
 29 -->  60 ( 27)
 30 -->  88 ( 43)
 31 -->  51 ( 25)
 31 -->  91 ( 26)
 31 -->  93 ( 11)
 31 --> 113 ( 31)
 31 --> 133 ( 21)
 32 --> 134 ( 17)
 33 -->  22 ( 15)
 33 -->  72 ( 28)
 33 --> 149 ( 24)
 33 --> 164 ( 21)
 34 -->   5 ( 37)
 35 -->  66 ( 25)
 36 -->   7 (  2)
 37 --> 145 ( 31)
 38 -->  19 ( 21)
 38 -->  95 ( 35)
 38 --> 113 ( 26)
 39 -->  94 ( 28)
 40 --> 144 ( 31)
 41 --> 100 ( 41)
 41 --> 108 ( 29)
 41 --> 140 ( 32)
 42 --> 170 ( 26)
 43 -->  46 ( 17)
 44 --> 128 ( 17)
 45 --> 132 ( 20)
 46 --> 171 ( 42)
 47 --> 172 ( 21)
 48 -->  11 ( 28)
 49 -->  56 ( 26)
 49 --> 108 ( 22)
 49 --> 122 ( 35)
 49 --> 133 ( 17)
 49 --> 159 ( 33)
 50 -->  56 ( 15)
 50 -->  73 ( 21)
 51 -->  22 ( 40)
 51 -->  41 ( 29)
 51 -->  56 ( 22)
 51 -->  91 ( 18)
 51 --> 124 ( 17)
 51 --> 131 ( 30)
 51 --> 152 ( 39)
 51 --> 164 ( 20)
 51 --> 168 ( 10)
 52 -->  63 ( 38)
 53 -->  55 ( 30)
 54 --> 169 ( 17)
 55 -->  98 ( 30)
 57 --> 116 ( 19)
 58 -->  92 ( 28)
 59 --> 175 ( 30)
 60 -->  13 ( 28)
 60 -->  22 ( 11)
 60 -->  72 ( 28)
 60 --> 103 ( 36)
 60 --> 113 ( 21)
 60 --> 124 ( 24)
 61 -->  16 ( 27)
 62 -->  81 ( 22)
 63 -->  77 ( 19)
 64 --> 162 ( 17)
 65 -->  13 ( 33)
 65 -->  41 (  9)
 65 -->  95 ( 22)
 65 --> 118 ( 13)
 66 -->  47 ( 33)
 67 -->  32 ( 18)
 68 --> 110 ( 30)
 69 -->   4 ( 37)
 69 -->  51 ( 27)
 69 --> 118 ( 30)
 69 --> 152 ( 19)
 69 --> 160 ( 19)
 70 -->  23 ( 30)
 70 -->  25 ( 25)
 70 -->  27 ( 29)
 70 -->  43 ( 39)
 70 -->  91 ( 28)
 70 --> 114 ( 29)
 70 --> 122 (  7)
 70 --> 156 ( 24)
 71 --> 158 ( 12)
 72 --> 112 ( 23)
 72 --> 161 ( 31)
 72 --> 168 ( 27)
 73 -->  23 ( 35)
 73 -->  51 ( 12)
 73 -->  69 ( 29)
 73 --> 100 ( 19)
 73 --> 118 ( 30)
 73 --> 129 ( 22)
 73 --> 146 ( 41)
 74 -->  14 ( 26)
 75 --> 130 ( 30)
 76 -->  19 ( 24)
 76 -->  51 ( 21)
 76 -->  67 ( 19)
 76 --> 157 ( 16)
 76 --> 164 ( 32)
 77 --> 107 ( 19)
 78 -->  90 ( 31)
 80 --> 115 ( 17)
 81 -->  69 ( 19)
 82 -->  71 ( 30)
 83 -->   3 ( 14)
 84 -->   9 ( 34)
 85 -->  26 ( 15)
 85 -->  50 ( 24)
 85 --> 118 ( 42)
 85 --> 133 ( 26)
 86 --> 139 ( 28)
 87 -->  36 ( 23)
 88 -->  53 ( 12)
 89 --> 120 ( 24)
 90 -->  42 ( 37)
 91 -->  49 ( 29)
 91 --> 122 ( 28)
 91 --> 125 ( 23)
 91 --> 152 ( 37)
 91 --> 161 ( 30)
 92 -->  68 ( 22)
 93 -->  76 ( 24)
 93 --> 137 ( 35)
 94 --> 165 ( 30)
 95 -->  13 ( 27)
 95 -->  50 ( 14)
 95 -->  91 ( 39)
 95 --> 122 ( 32)
 95 --> 164 ( 27)
 96 -->  38 ( 44)
 96 -->  93 ( 33)
 97 -->  86 ( 27)
 98 -->   6 ( 21)
 98 -->  25 ( 40)
 98 -->  75 ( 32)
 98 --> 137 ( 22)
 98 --> 154 ( 26)
 99 -->  80 ( 23)
100 -->  13 ( 41)
100 -->  69 ( 24)
100 --> 129 ( 30)
101 -->   8 ( 22)
102 --> 143 ( 30)
103 -->  26 ( 22)
104 -->  84 ( 13)
105 -->  37 ( 11)
106 -->  41 ( 39)
107 -->  48 ( 23)
108 -->  76 ( 29)
108 --> 155 ( 28)
108 --> 161 ( 18)
109 -->  19 ( 28)
109 -->  29 ( 32)
109 -->  64 ( 30)
109 --> 100 ( 33)
109 --> 118 ( 27)
109 --> 149 ( 33)
110 --> 166 (  7)
111 --> 150 ( 16)
112 -->   4 ( 14)
112 -->  79 ( 32)
112 --> 119 ( 29)
112 --> 137 ( 21)
113 -->   4 ( 28)
113 -->  23 ( 27)
113 -->  41 ( 32)
113 -->  87 ( 30)
113 --> 157 ( 22)
114 --> 151 ( 35)
115 --> 117 ( 37)
116 -->  44 ( 18)
117 --> 113 ( 24)
118 -->  13 ( 33)
118 -->  41 ( 36)
118 -->  50 ( 26)
119 -->  13 ( 28)
119 -->  69 ( 12)
119 -->  93 ( 29)
119 --> 168 ( 19)
120 -->  20 ( 27)
121 --> 163 ( 22)
122 -->  38 ( 28)
122 -->  69 ( 21)
122 -->  73 ( 21)
122 -->  76 ( 18)
123 -->  76 ( 15)
124 -->  21 ( 16)
124 -->  26 ( 14)
124 -->  69 ( 21)
124 -->  85 ( 27)
124 -->  93 ( 26)
124 -->  96 ( 22)
124 --> 137 ( 24)
124 --> 174 ( 11)
125 -->  59 ( 24)
126 -->  28 ( 25)
127 -->  82 ( 34)
128 -->  39 ( 21)
129 -->  13 ( 27)
129 -->  26 ( 21)
129 -->  50 ( 37)
129 --> 119 ( 33)
129 --> 151 ( 24)
130 --> 104 ( 28)
131 -->  29 ( 21)
131 -->  41 ( 20)
131 -->  65 ( 24)
131 --> 114 ( 22)
131 --> 122 ( 26)
131 --> 159 ( 22)
132 --> 109 ( 28)
133 --> 131 ( 25)
134 -->  57 ( 40)
135 -->  61 ( 18)
136 --> 121 ( 22)
137 -->  23 ( 14)
137 -->  31 ( 21)
137 --> 118 ( 25)
137 --> 156 ( 22)
138 --> 111 ( 43)
139 --> 148 ( 14)
140 -->  24 ( 41)
141 --> 106 ( 24)
142 --> 102 ( 36)
143 -->  40 ( 26)
144 --> 135 ( 20)
145 --> 123 ( 27)
146 -->  19 ( 19)
146 -->  69 ( 31)
146 -->  96 ( 18)
146 --> 122 ( 21)
147 -->  19 ( 22)
147 -->  51 ( 12)
147 --> 112 ( 10)
147 --> 154 ( 33)
147 --> 159 ( 29)
148 -->  54 ( 24)
149 -->  22 ( 32)
149 -->  23 (  9)
149 -->  85 ( 44)
149 -->  93 ( 45)
149 --> 122 ( 25)
149 --> 129 ( 28)
150 -->  89 ( 27)
151 -->  23 ( 23)
151 --> 113 ( 43)
151 --> 146 ( 36)
153 --> 101 ( 15)
154 -->  50 ( 27)
154 -->  65 ( 29)
154 -->  95 ( 36)
154 --> 109 ( 19)
155 -->  17 ( 26)
156 -->  23 (  8)
156 -->  31 ( 12)
156 -->  49 ( 39)
156 --> 147 ( 13)
157 -->  31 ( 22)
157 -->  69 ( 24)
157 --> 122 ( 26)
158 --> 153 ( 11)
159 --> 122 ( 25)
159 --> 151 ( 27)
160 -->  99 ( 16)
161 -->  26 ( 30)
161 -->  38 ( 15)
161 -->  79 ( 18)
161 --> 112 ( 26)
161 --> 154 ( 26)
161 --> 168 ( 23)
162 -->   1 ( 28)
163 -->  58 ( 26)
164 -->  85 ( 29)
164 --> 149 ( 12)
164 --> 168 ( 17)
165 -->  83 ( 41)
166 -->  97 ( 23)
167 -->  91 ( 16)
168 -->  22 ( 18)
168 -->  91 ( 27)
168 --> 118 ( 27)
168 --> 137 ( 28)
168 --> 146 ( 26)
168 --> 174 ( 34)
169 -->  34 ( 33)
170 -->  15 ( 18)
171 --> 136 (  9)
172 -->  30 ( 21)
173 -->   0 ( 40)
174 -->  25 ( 31)
174 -->  31 ( 31)
174 --> 109 ( 24)
174 --> 147 ( 17)
175 --> 173 ( 19)
