WEIGHTED DIGRAPH 182 362:
  0 -->  23 ( 25)
  0 --> 125 ( 23)
  0 --> 156 ( 40)
  1 -->  99 ( 12)
  2 -->  53 ( 23)
  2 -->  61 ( 13)
  2 -->  73 ( 32)
  2 -->  78 ( 31)
  2 -->  83 ( 28)
  2 --> 123 ( 21)
  2 --> 165 ( 31)
  3 -->  79 ( 29)
  4 -->  93 ( 17)
  4 --> 105 ( 38)
  5 --> 169 ( 24)
  6 -->  63 ( 32)
  6 --> 166 ( 17)
  7 -->  30 ( 30)
  8 -->  12 ( 31)
  8 -->  19 ( 33)
  8 --> 106 ( 35)
  8 --> 137 ( 34)
  8 --> 145 ( 25)
  9 --> 138 ( 27)
  9 --> 145 ( 36)
 10 -->  71 ( 25)
 11 --> 121 ( 18)
 12 -->  19 ( 12)
 12 -->  43 ( 24)
 12 -->  47 ( 26)
 12 -->  78 ( 33)
 12 --> 115 ( 15)
 13 -->  37 ( 42)
 14 --> 158 ( 25)
 15 -->  53 ( 26)
 15 --> 153 ( 16)
 15 --> 180 ( 23)
 16 -->  40 ( 30)
 16 -->  78 ( 22)
 16 --> 153 ( 23)
 17 --> 103 ( 23)
 18 -->  20 ( 10)
 19 --> 119 ( 25)
 19 --> 166 ( 34)
 20 --> 181 ( 21)
 21 -->  26 ( 35)
 21 --> 119 ( 14)
 21 --> 138 ( 36)
 22 -->  90 ( 16)
 23 -->  15 ( 15)
 23 -->  47 ( 15)
 23 -->  63 ( 36)
 23 -->  93 ( 31)
 23 --> 123 ( 18)
 23 --> 137 ( 23)
 24 -->  89 ( 37)
 25 -->  86 ( 31)
 26 -->  16 ( 34)
 27 --> 113 ( 30)
 28 -->  96 ( 36)
 29 -->  16 ( 26)
 29 -->  63 ( 30)
 29 -->  81 ( 16)
 29 --> 123 ( 19)
 30 -->  76 ( 21)
 31 -->  13 ( 13)
 32 -->   0 ( 32)
 32 -->  56 ( 34)
 32 -->  93 ( 26)
 32 --> 105 ( 16)
 32 --> 148 ( 30)
 33 --> 146 ( 34)
 34 --> 168 (  9)
 35 -->  64 ( 21)
 36 --> 134 ( 28)
 37 -->   1 ( 32)
 38 -->  33 ( 24)
 39 -->  12 ( 36)
 39 -->  16 (  8)
 39 -->  29 ( 17)
 39 -->  43 ( 37)
 39 -->  74 ( 35)
 40 -->   4 ( 32)
 40 -->  53 ( 23)
 40 --> 173 ( 21)
 41 -->  25 ( 32)
 42 -->  16 ( 19)
 42 -->  56 ( 27)
 42 -->  64 ( 27)
 42 --> 123 ( 33)
 43 -->  47 ( 25)
 43 --> 106 ( 13)
 43 --> 166 ( 29)
 44 --> 104 ( 36)
 45 --> 136 ( 26)
 46 --> 179 ( 23)
 47 -->  56 ( 35)
 48 --> 177 ( 24)
 49 --> 171 ( 36)
 50 --> 175 (  8)
 51 -->  50 ( 24)
 52 --> 133 (  8)
 53 -->  19 ( 32)
 53 -->  47 ( 20)
 53 --> 106 ( 15)
 53 --> 131 ( 19)
 53 --> 137 ( 41)
 54 --> 135 ( 29)
 55 -->  81 ( 25)
 56 -->   5 ( 25)
 56 -->   6 ( 27)
 56 -->  29 ( 24)
 56 -->  80 ( 25)
 56 --> 101 (  8)
 56 --> 125 ( 41)
 57 -->  70 ( 38)
 58 -->  95 ( 13)
 59 -->  57 ( 23)
 60 -->  75 ( 22)
 61 -->  40 ( 16)
 61 --> 116 ( 27)
 61 --> 130 ( 20)
 61 --> 139 ( 16)
 62 -->   7 ( 24)
 63 -->   8 ( 31)
 63 -->  19 ( 15)
 63 -->  32 ( 22)
 63 --> 145 ( 34)
 63 --> 153 ( 34)
 63 --> 165 ( 24)
 64 -->  32 ( 13)
 64 -->  43 ( 24)
 64 -->  53 ( 32)
 64 --> 105 ( 29)
 64 --> 116 ( 20)
 64 --> 137 ( 38)
 64 --> 151 ( 16)
 64 --> 165 ( 14)
 65 --> 142 ( 35)
 66 --> 109 ( 21)
 67 -->  65 ( 30)
 68 --> 112 ( 21)
 69 -->  29 ( 25)
 69 -->  42 ( 13)
 69 -->  47 ( 22)
 69 -->  61 ( 22)
 69 --> 116 ( 31)
 70 -->  55 ( 20)
 71 -->  27 ( 24)
 72 -->  94 ( 28)
 73 -->  39 ( 37)
 73 -->  72 ( 32)
 73 --> 100 ( 36)
 74 -->  83 ( 20)
 74 --> 105 ( 35)
 75 --> 152 ( 38)
 76 -->  58 ( 33)
 77 --> 154 ( 21)
 78 --> 116 ( 34)
 78 --> 149 ( 19)
 79 -->  91 ( 22)
 80 -->   6 ( 34)
 80 -->  42 ( 29)
 80 -->  54 ( 34)
 80 --> 123 ( 27)
 80 --> 156 ( 33)
 81 --> 120 ( 17)
 82 --> 173 ( 26)
 83 -->  16 ( 26)
 83 -->  26 ( 19)
 83 --> 125 ( 34)
 83 --> 131 ( 40)
 84 -->  39 ( 27)
 84 -->  73 ( 19)
 84 -->  78 ( 20)
 84 --> 131 ( 14)
 84 --> 139 ( 29)
 84 --> 149 ( 37)
 85 --> 102 ( 25)
 86 --> 127 ( 36)
 87 -->  24 ( 14)
 88 --> 164 ( 32)
 89 --> 150 ( 28)
 90 -->  88 ( 28)
 91 -->  92 ( 21)
 92 --> 143 ( 28)
 93 -->  81 ( 21)
 93 --> 101 ( 22)
 93 --> 119 ( 13)
 93 --> 122 ( 11)
 93 --> 166 ( 16)
 94 -->  98 ( 21)
 95 --> 110 ( 23)
 96 --> 155 ( 29)
 97 --> 124 ( 23)
 98 -->  87 ( 20)
 99 --> 174 ( 14)
100 -->  21 ( 26)
100 -->  40 ( 39)
101 --> 145 ( 14)
102 -->  80 ( 24)
103 -->  38 (  9)
104 --> 108 ( 24)
105 -->  15 ( 30)
105 -->  19 ( 16)
105 -->  81 ( 19)
105 --> 156 ( 25)
105 --> 180 ( 31)
106 -->  39 ( 21)
106 -->  47 ( 30)
107 -->  17 ( 29)
108 -->  66 ( 36)
109 -->  49 ( 27)
110 -->  41 ( 24)
111 -->  26 ( 10)
111 -->  40 ( 21)
111 -->  83 ( 35)
111 -->  84 ( 25)
111 --> 139 ( 35)
111 --> 153 ( 37)
112 --> 178 ( 23)
113 -->  59 ( 28)
114 --> 129 ( 13)
115 --> 172 ( 38)
116 -->   0 ( 26)
116 -->  16 ( 37)
116 -->  19 (  8)
116 -->  63 ( 32)
116 -->  81 ( 28)
116 --> 149 ( 20)
117 -->  82 (  9)
118 --> 132 ( 40)
119 -->   2 ( 29)
119 -->   4 ( 35)
119 -->  26 ( 37)
119 --> 131 ( 27)
119 --> 173 ( 22)
120 -->  48 ( 21)
121 --> 141 ( 32)
122 -->   8 ( 28)
122 -->  19 ( 28)
122 -->  56 ( 18)
122 -->  81 ( 21)
122 --> 105 ( 23)
123 -->   6 ( 40)
123 --> 101 ( 17)
124 -->  36 ( 35)
125 -->  26 ( 21)
125 -->  43 ( 21)
125 -->  69 ( 26)
125 --> 100 ( 31)
126 -->   6 ( 33)
126 -->  29 ( 20)
126 -->  32 ( 37)
126 --> 119 ( 21)
127 -->  73 ( 30)
128 -->  97 ( 25)
129 -->  68 (  6)
130 -->   6 ( 37)
130 -->  69 ( 21)
130 --> 122 ( 34)
130 --> 131 ( 23)
131 -->   6 ( 28)
131 -->   9 ( 25)
131 -->  15 (  8)
131 -->  64 ( 33)
131 --> 149 ( 20)
132 -->  22 ( 31)
133 -->  12 ( 30)
134 --> 165 ( 32)
135 -->  34 ( 36)
136 --> 160 ( 29)
137 -->   4 ( 12)
137 -->   9 ( 42)
137 -->  15 ( 22)
137 -->  73 ( 32)
137 --> 123 ( 16)
137 --> 153 ( 11)
138 --> 119 (  7)
138 --> 139 ( 12)
139 -->  23 ( 30)
139 -->  28 ( 36)
139 --> 101 ( 23)
139 --> 131 ( 34)
140 -->  51 ( 38)
141 --> 118 ( 16)
142 --> 140 ( 31)
143 --> 157 ( 16)
144 -->  62 ( 18)
145 -->  19 ( 22)
145 -->  40 ( 11)
145 --> 138 ( 14)
146 -->  46 ( 21)
147 -->  16 ( 24)
147 -->  42 ( 33)
147 --> 145 ( 14)
148 -->   0 ( 29)
148 -->   6 ( 33)
148 -->   9 ( 32)
148 -->  80 ( 10)
148 -->  83 ( 12)
148 --> 100 ( 25)
148 --> 101 ( 22)
148 --> 105 ( 34)
148 --> 153 ( 36)
149 -->  15 ( 29)
149 -->  19 ( 20)
149 -->  67 ( 14)
149 --> 119 ( 12)
149 --> 126 ( 19)
149 --> 130 ( 31)
150 --> 128 ( 31)
151 --> 163 ( 23)
152 --> 144 ( 20)
153 -->  81 ( 25)
153 -->  83 ( 28)
154 --> 159 ( 10)
155 -->  77 ( 19)
156 -->  61 ( 21)
156 --> 138 ( 18)
157 --> 139 ( 15)
158 -->  52 ( 40)
159 -->  85 ( 26)
160 -->  60 ( 17)
161 -->  35 (  7)
162 --> 161 ( 13)
163 --> 107 ( 31)
164 -->  18 ( 39)
165 -->  15 (  9)
165 -->  42 ( 31)
165 -->  45 ( 19)
165 -->  78 ( 13)
165 -->  83 ( 24)
165 --> 106 ( 27)
165 --> 147 ( 12)
165 --> 166 ( 30)
166 -->  73 ( 13)
166 --> 147 ( 12)
166 --> 156 ( 16)
167 --> 162 ( 33)
168 -->   3 ( 35)
169 --> 114 ( 17)
170 --> 167 ( 24)
171 --> 117 ( 15)
172 -->  11 ( 32)
173 -->  10 ( 29)
173 -->  21 ( 15)
173 -->  63 (  7)
173 -->  73 ( 25)
173 -->  84 ( 20)
173 --> 138 ( 24)
174 -->  44 ( 22)
175 --> 170 ( 42)
176 -->  14 ( 22)
177 -->  31 ( 19)
178 --> 176 ( 19)
179 --> 149 ( 16)
180 -->  63 ( 23)
180 --> 122 ( 17)
180 --> 126 ( 27)
180 --> 138 ( 23)
181 -->  56 ( 18)
