WEIGHTED DIGRAPH 204 384:
  0 --> 106 ( 24)
  1 -->  19 ( 31)
  2 --> 197 ( 25)
  3 -->  18 ( 25)
  4 -->   8 ( 15)
  4 -->  30 ( 37)
  4 -->  44 ( 28)
  4 --> 160 ( 36)
  5 -->  57 ( 29)
  5 -->  76 ( 17)
  5 --> 101 ( 24)
  5 --> 157 ( 18)
  6 --> 104 ( 23)
  7 --> 116 ( 14)
  8 -->  57 ( 16)
  8 --> 126 ( 20)
  8 --> 191 ( 35)
  9 --> 122 ( 38)
  9 --> 191 (  8)
 10 -->  99 (  9)
 11 -->  79 ( 25)
 11 -->  93 ( 24)
 11 -->  96 ( 27)
 12 -->  76 ( 24)
 12 --> 164 ( 23)
 13 --> 164 ( 12)
 14 -->  92 ( 27)
 15 -->  11 ( 31)
 16 -->  59 ( 21)
 17 --> 162 ( 34)
 18 -->  61 ( 23)
 19 --> 124 ( 34)
 20 -->   4 ( 26)
 20 -->  44 ( 22)
 20 -->  46 ( 22)
 20 -->  51 ( 28)
 20 -->  93 ( 24)
 20 --> 117 ( 35)
 20 --> 120 ( 22)
 20 --> 121 (  6)
 20 --> 128 ( 43)
 20 --> 199 ( 27)
 21 -->  47 ( 29)
 22 --> 137 ( 15)
 23 --> 140 ( 24)
 24 -->  21 ( 30)
 25 --> 114 ( 16)
 26 --> 165 ( 35)
 27 --> 157 ( 12)
 28 --> 149 ( 25)
 29 -->   8 (  9)
 29 -->  96 ( 25)
 29 --> 122 ( 23)
 29 --> 160 ( 22)
 29 --> 174 ( 19)
 30 -->  43 ( 13)
 30 -->  60 ( 20)
 30 --> 191 ( 23)
 31 -->  28 ( 22)
 32 --> 133 ( 28)
 33 --> 145 ( 28)
 34 --> 156 ( 15)
 35 -->  66 ( 33)
 36 --> 175 ( 26)
 37 -->  29 ( 17)
 37 --> 121 ( 25)
 37 --> 160 ( 31)
 38 --> 110 ( 31)
 39 -->  23 ( 30)
 40 -->  20 ( 10)
 40 --> 128 ( 26)
 40 --> 138 ( 16)
 40 --> 152 ( 27)
 40 --> 157 ( 24)
 40 --> 181 ( 20)
 40 --> 193 ( 29)
 41 --> 150 ( 21)
 42 -->  10 ( 10)
 43 -->  12 ( 30)
 43 -->  63 ( 32)
 43 -->  93 ( 17)
 44 -->  80 ( 24)
 44 --> 163 ( 19)
 44 --> 191 ( 40)
 45 --> 115 ( 40)
 46 -->  85 ( 25)
 46 --> 135 ( 22)
 46 --> 141 ( 21)
 46 --> 175 ( 31)
 47 --> 144 ( 28)
 48 -->  14 ( 20)
 49 --> 196 ( 28)
 50 --> 172 ( 23)
 51 -->  85 ( 16)
 51 -->  91 ( 18)
 51 --> 164 ( 24)
 51 --> 175 ( 39)
 52 -->  73 ( 23)
 53 -->  98 ( 25)
 54 -->  17 ( 35)
 55 -->  64 ( 38)
 56 -->  81 ( 21)
 57 -->  12 ( 29)
 57 --> 134 ( 19)
 58 --> 122 ( 22)
 58 --> 157 ( 13)
 59 -->  95 ( 30)
 60 -->  62 ( 25)
 60 --> 121 ( 16)
 60 --> 160 ( 23)
 60 --> 175 ( 17)
 61 --> 168 ( 18)
 62 -->   8 ( 27)
 62 -->  88 ( 34)
 62 -->  93 ( 26)
 62 -->  96 ( 25)
 62 --> 121 ( 40)
 63 -->  51 ( 16)
 63 -->  88 ( 22)
 63 --> 164 ( 27)
 64 -->  52 ( 17)
 65 -->  78 ( 16)
 66 --> 105 ( 22)
 67 -->  32 ( 25)
 68 --> 201 ( 37)
 69 -->   3 ( 27)
 70 --> 171 ( 29)
 71 --> 102 ( 15)
 72 --> 158 ( 18)
 73 -->  77 ( 21)
 74 -->   4 ( 21)
 74 -->  63 ( 39)
 74 -->  89 ( 15)
 75 --> 185 ( 19)
 76 -->   4 ( 35)
 76 --> 130 ( 21)
 76 --> 135 ( 35)
 76 --> 148 ( 17)
 77 --> 118 ( 19)
 78 -->  42 ( 22)
 79 --> 184 ( 16)
 80 -->   4 ( 36)
 80 -->  51 ( 20)
 80 -->  88 ( 17)
 80 --> 120 ( 28)
 81 -->  25 ( 29)
 82 --> 176 ( 29)
 83 -->  22 ( 16)
 84 --> 141 ( 26)
 85 --> 160 ( 38)
 86 -->  24 ( 21)
 87 -->  15 ( 23)
 88 -->   9 ( 11)
 88 -->  29 ( 17)
 88 -->  44 ( 24)
 88 -->  74 ( 12)
 88 --> 160 ( 16)
 89 -->  58 (  9)
 89 -->  60 ( 32)
 89 -->  96 ( 16)
 89 --> 148 ( 37)
 89 --> 182 ( 15)
 90 --> 155 ( 19)
 91 -->  43 (  8)
 91 -->  63 ( 15)
 91 --> 141 ( 31)
 91 --> 163 ( 29)
 92 -->  53 ( 28)
 93 -->   9 ( 27)
 93 -->  60 ( 32)
 94 --> 161 ( 22)
 95 --> 136 ( 19)
 96 -->   8 ( 32)
 96 -->  12 ( 17)
 96 -->  40 ( 26)
 96 -->  76 ( 31)
 96 --> 122 ( 26)
 96 --> 138 ( 34)
 97 -->  27 ( 29)
 98 --> 189 ( 25)
 99 --> 113 ( 22)
100 -->   4 ( 22)
100 -->  12 ( 24)
100 -->  85 ( 12)
100 --> 111 ( 23)
100 --> 160 ( 24)
100 --> 181 ( 28)
100 --> 182 ( 13)
101 -->   8 ( 21)
101 -->  46 ( 17)
101 -->  93 ( 26)
101 -->  96 ( 19)
101 --> 120 ( 34)
101 --> 121 ( 35)
101 --> 182 ( 20)
102 -->  65 ( 31)
103 --> 188 ( 13)
104 --> 131 (  7)
105 -->  34 ( 38)
106 --> 203 ( 20)
107 -->   8 ( 13)
107 --> 117 ( 36)
108 --> 123 ( 23)
109 --> 177 ( 35)
110 -->   1 ( 17)
111 -->  44 ( 27)
111 -->  85 ( 31)
111 -->  96 ( 18)
111 --> 135 ( 42)
111 --> 163 ( 12)
111 --> 174 ( 34)
112 --> 120 ( 34)
113 -->  97 ( 28)
114 -->  33 ( 37)
115 -->  54 ( 15)
116 --> 154 ( 24)
117 -->  62 ( 23)
117 --> 135 ( 29)
117 --> 163 ( 32)
118 -->  48 ( 32)
119 --> 195 ( 32)
120 -->   0 ( 27)
120 -->  29 ( 33)
120 -->  37 ( 31)
120 --> 111 ( 25)
120 --> 128 ( 20)
120 --> 130 ( 27)
121 -->  51 ( 26)
121 --> 126 ( 22)
121 --> 134 ( 18)
121 --> 138 ( 22)
121 --> 152 ( 17)
122 -->  93 ( 32)
123 -->  41 ( 22)
124 -->  36 ( 28)
125 -->   7 ( 12)
126 -->  44 ( 21)
126 -->  62 ( 17)
126 --> 128 ( 30)
126 --> 181 ( 17)
126 --> 199 ( 25)
127 --> 132 ( 31)
128 -->   4 ( 20)
128 -->  30 ( 30)
128 -->  91 ( 21)
128 --> 148 ( 24)
128 --> 173 ( 18)
129 -->  35 ( 31)
130 -->  43 ( 35)
130 -->  85 ( 14)
130 -->  88 (  8)
130 --> 101 ( 17)
130 --> 175 ( 24)
131 --> 186 ( 31)
132 -->   6 ( 33)
133 --> 146 ( 23)
134 -->   8 ( 18)
134 -->  44 ( 33)
134 -->  72 ( 38)
134 --> 130 ( 23)
134 --> 173 ( 17)
135 -->  37 ( 31)
135 --> 107 ( 31)
135 --> 130 ( 18)
136 --> 192 ( 30)
137 -->  38 ( 21)
139 -->  31 ( 26)
140 -->  94 ( 38)
141 -->  43 ( 46)
141 --> 134 ( 38)
141 --> 167 ( 22)
141 --> 181 ( 27)
141 --> 191 ( 15)
141 --> 200 ( 23)
142 -->  71 ( 21)
143 --> 119 ( 34)
144 -->  45 ( 11)
145 --> 125 ( 29)
146 -->  69 ( 32)
147 -->  83 ( 17)
148 -->  44 ( 25)
148 -->  63 ( 38)
148 -->  85 (  6)
148 --> 100 ( 24)
148 --> 101 ( 29)
148 --> 122 ( 20)
149 --> 164 ( 32)
150 -->   2 ( 42)
151 --> 193 ( 20)
152 -->  29 ( 23)
152 -->  46 ( 32)
152 -->  89 ( 24)
152 --> 101 ( 32)
152 --> 134 (  8)
153 --> 108 ( 34)
154 --> 153 ( 18)
155 --> 120 ( 24)
156 --> 109 ( 35)
157 -->  12 ( 38)
157 -->  43 ( 34)
157 --> 170 ( 18)
158 -->  70 ( 17)
159 --> 194 ( 38)
160 -->  11 ( 23)
160 --> 111 ( 18)
160 --> 182 ( 22)
161 -->  26 (  3)
162 -->  50 ( 28)
163 -->  57 ( 12)
163 --> 107 ( 24)
163 --> 199 ( 23)
164 -->   8 ( 11)
164 -->  37 ( 31)
164 -->  68 ( 24)
164 --> 157 ( 16)
164 --> 159 ( 29)
164 --> 174 ( 11)
165 --> 200 ( 27)
166 --> 198 ( 26)
167 --> 127 ( 18)
168 --> 202 ( 33)
169 --> 147 ( 26)
170 --> 143 ( 24)
171 -->  13 ( 35)
172 --> 151 ( 28)
173 -->  43 ( 26)
173 --> 111 ( 23)
173 --> 120 ( 18)
173 --> 121 ( 32)
173 --> 130 ( 19)
173 --> 135 ( 19)
174 -->  63 ( 30)
174 -->  91 ( 33)
174 --> 141 ( 30)
174 --> 148 ( 33)
174 --> 182 ( 25)
175 -->  63 ( 24)
175 --> 103 ( 35)
175 --> 117 ( 20)
175 --> 191 ( 24)
176 --> 142 ( 18)
177 --> 178 ( 21)
178 --> 134 ( 32)
179 -->  55 ( 21)
180 -->  87 ( 21)
181 -->  44 ( 41)
181 -->  88 ( 24)
181 --> 200 ( 34)
182 -->  91 ( 18)
182 --> 135 (  5)
183 -->  16 ( 37)
184 --> 169 ( 32)
185 --> 129 ( 22)
186 -->  90 ( 24)
187 --> 183 ( 27)
188 -->  67 ( 32)
189 --> 139 ( 37)
190 -->  82 ( 22)
191 -->  11 ( 38)
191 -->  76 ( 33)
191 -->  85 ( 22)
191 -->  91 ( 24)
191 --> 117 ( 31)
191 --> 174 ( 15)
192 --> 190 ( 26)
193 -->  37 ( 24)
193 -->  39 ( 31)
193 --> 128 ( 35)
193 --> 141 ( 16)
193 --> 160 ( 36)
194 --> 187 ( 30)
195 --> 179 ( 12)
196 -->  56 ( 34)
197 -->  84 ( 26)
198 -->  75 ( 20)
199 -->   9 ( 18)
199 --> 130 ( 27)
199 --> 164 ( 35)
199 --> 175 ( 28)
200 -->  11 ( 26)
200 -->  86 ( 16)
201 --> 166 ( 23)
202 --> 180 ( 26)
203 -->  49 ( 37)
