WEIGHTED DIGRAPH 188 368:
  0 -->  91 ( 22)
  1 --> 183 ( 21)
  2 --> 118 ( 14)
  3 --> 145 ( 13)
  4 -->   1 ( 35)
  5 -->  69 ( 15)
  5 --> 101 ( 23)
  5 --> 162 ( 39)
  5 --> 175 ( 16)
  6 -->   5 ( 27)
  6 -->  15 ( 28)
  6 -->  23 ( 42)
  6 -->  57 ( 24)
  6 -->  81 ( 15)
  6 --> 100 ( 13)
  6 --> 107 ( 17)
  6 --> 143 ( 30)
  7 -->  20 ( 13)
  8 -->  60 ( 11)
  8 --> 100 ( 21)
  8 --> 149 ( 30)
  8 --> 159 ( 17)
  8 --> 175 ( 35)
  9 -->  23 ( 28)
  9 -->  37 ( 25)
  9 -->  97 ( 27)
  9 --> 130 ( 25)
  9 --> 152 ( 14)
 10 -->  36 ( 12)
 11 --> 147 ( 35)
 12 --> 127 ( 21)
 13 --> 150 ( 36)
 14 -->  16 ( 32)
 14 -->  22 ( 22)
 14 -->  78 ( 29)
 14 --> 184 ( 29)
 15 -->  86 ( 34)
 16 -->  72 ( 23)
 16 --> 114 ( 21)
 16 --> 118 ( 13)
 16 --> 152 ( 33)
 16 --> 159 ( 37)
 16 --> 166 ( 29)
 17 -->  82 ( 35)
 18 -->   5 (  9)
 18 -->  45 ( 12)
 18 -->  71 ( 22)
 18 --> 115 ( 36)
 18 --> 143 ( 27)
 18 --> 161 ( 25)
 19 --> 121 ( 33)
 20 -->  28 ( 36)
 21 -->  11 ( 32)
 22 -->  23 ( 39)
 22 --> 166 ( 26)
 23 -->  18 ( 11)
 23 -->  97 ( 22)
 23 --> 101 ( 19)
 23 --> 130 ( 28)
 25 --> 170 ( 36)
 26 --> 177 ( 23)
 27 --> 155 ( 26)
 28 -->  87 ( 40)
 29 --> 104 ( 19)
 30 -->  61 ( 13)
 31 -->  42 ( 38)
 32 --> 175 ( 23)
 33 -->  73 ( 32)
 34 --> 134 ( 24)
 35 --> 120 ( 36)
 36 -->  50 ( 29)
 37 -->   6 ( 18)
 37 -->  14 ( 35)
 37 -->  60 ( 33)
 37 --> 100 ( 21)
 37 --> 114 ( 40)
 37 --> 161 ( 34)
 37 --> 184 ( 30)
 38 -->  46 ( 30)
 39 -->  62 ( 20)
 40 --> 173 ( 23)
 41 --> 125 ( 21)
 42 -->  96 ( 27)
 43 -->  77 ( 35)
 44 -->  25 ( 21)
 45 -->  23 ( 21)
 45 -->  69 ( 15)
 45 --> 110 ( 29)
 45 --> 114 ( 26)
 45 --> 116 ( 36)
 45 --> 130 ( 36)
 45 --> 149 ( 26)
 45 --> 186 ( 27)
 46 --> 138 ( 27)
 47 -->  45 (  9)
 47 --> 101 ( 19)
 47 --> 102 ( 26)
 47 --> 114 ( 24)
 48 --> 143 ( 40)
 49 --> 119 ( 25)
 50 -->  49 ( 13)
 51 --> 176 ( 21)
 52 -->  37 ( 21)
 52 -->  81 ( 36)
 52 --> 120 ( 32)
 52 --> 167 ( 18)
 52 --> 175 ( 25)
 53 --> 128 ( 14)
 54 --> 156 ( 16)
 55 -->   7 ( 19)
 56 -->  54 ( 29)
 57 -->   5 ( 21)
 57 -->   8 ( 22)
 57 --> 162 ( 29)
 57 --> 184 ( 35)
 58 -->  99 ( 17)
 59 -->  39 ( 22)
 60 --> 136 ( 21)
 61 -->  70 ( 24)
 62 --> 165 ( 10)
 63 -->  48 ( 27)
 64 --> 112 ( 32)
 65 --> 168 ( 26)
 66 -->  31 ( 29)
 67 -->  33 ( 36)
 68 -->  89 ( 28)
 69 -->  18 ( 19)
 69 -->  71 ( 12)
 69 -->  97 ( 32)
 69 --> 129 ( 35)
 69 --> 152 ( 30)
 70 -->  58 ( 40)
 71 -->   6 ( 17)
 71 -->  30 ( 15)
 71 --> 111 ( 26)
 71 --> 139 ( 24)
 71 --> 162 ( 30)
 71 --> 175 ( 16)
 71 --> 182 ( 17)
 71 --> 184 ( 19)
 72 -->   6 ( 30)
 72 -->  22 (  5)
 72 -->  24 ( 22)
 72 -->  94 ( 21)
 73 --> 142 ( 18)
 74 -->  32 ( 33)
 75 -->  55 ( 19)
 76 -->  79 ( 32)
 77 -->  63 ( 24)
 78 -->  18 ( 25)
 78 --> 100 ( 27)
 78 --> 107 ( 26)
 78 --> 110 ( 33)
 78 --> 111 ( 33)
 79 -->  85 ( 29)
 80 -->  43 ( 25)
 81 -->  18 ( 17)
 81 -->  37 ( 32)
 81 -->  97 ( 18)
 82 -->  13 ( 27)
 83 -->   5 ( 16)
 83 -->  97 ( 28)
 83 --> 139 ( 24)
 83 --> 152 ( 18)
 83 --> 163 ( 28)
 84 -->  98 ( 11)
 85 --> 169 ( 21)
 86 --> 113 ( 27)
 87 -->  27 ( 26)
 88 -->  51 ( 18)
 89 -->  12 ( 39)
 91 --> 181 ( 25)
 92 --> 158 ( 16)
 93 -->  65 ( 38)
 94 -->  22 ( 30)
 94 -->  23 ( 22)
 94 --> 100 ( 29)
 94 --> 149 ( 42)
 95 -->   9 ( 18)
 95 -->  18 ( 29)
 95 -->  47 ( 31)
 95 -->  83 ( 44)
 95 -->  90 ( 37)
 95 --> 110 ( 21)
 95 --> 182 ( 25)
 95 --> 187 ( 20)
 96 --> 172 ( 18)
 97 -->   5 ( 35)
 97 -->  60 ( 24)
 97 --> 136 ( 19)
 98 --> 133 (  9)
 99 -->  29 ( 24)
100 -->  22 ( 26)
100 --> 110 ( 25)
101 -->  72 ( 41)
101 -->  83 ( 21)
101 --> 102 ( 23)
101 --> 137 ( 36)
101 --> 139 (  8)
102 -->  69 (  9)
102 -->  90 ( 22)
102 --> 184 ( 13)
103 -->  37 ( 19)
103 -->  45 (  7)
103 -->  94 ( 24)
103 --> 110 ( 33)
103 --> 111 ( 18)
103 --> 116 ( 36)
103 --> 130 ( 28)
103 --> 137 ( 25)
103 --> 163 ( 11)
104 --> 146 ( 25)
105 -->   4 ( 20)
106 --> 141 ( 30)
107 -->  23 ( 29)
107 -->  71 ( 36)
107 -->  94 ( 37)
108 -->  21 ( 22)
109 -->   2 ( 24)
110 -->  37 ( 41)
110 --> 115 ( 34)
110 --> 130 ( 47)
111 -->  23 ( 31)
111 --> 101 ( 18)
111 --> 114 ( 39)
111 --> 175 ( 18)
111 --> 186 ( 30)
112 --> 154 ( 14)
113 -->  92 ( 15)
114 -->  14 ( 38)
114 -->  69 ( 39)
114 --> 107 ( 26)
114 --> 118 ( 26)
114 --> 153 ( 20)
115 -->   9 ( 34)
115 -->  78 ( 19)
115 --> 120 ( 20)
115 --> 184 ( 18)
115 --> 185 ( 39)
116 --> 152 ( 30)
117 -->  75 ( 30)
118 -->  38 ( 26)
118 -->  45 ( 18)
118 -->  90 ( 25)
118 --> 146 ( 31)
118 --> 175 ( 19)
118 --> 186 ( 24)
119 -->  67 ( 44)
120 -->  47 ( 20)
120 --> 111 ( 23)
120 --> 130 ( 21)
120 --> 179 ( 13)
121 --> 131 ( 26)
122 -->  68 ( 36)
123 --> 157 ( 34)
124 -->  64 ( 30)
125 --> 124 ( 28)
126 --> 123 ( 36)
127 --> 148 ( 21)
128 --> 174 ( 38)
129 -->  83 ( 15)
129 --> 116 ( 26)
129 --> 187 ( 32)
130 -->  90 ( 35)
130 --> 102 ( 13)
130 --> 159 ( 12)
130 --> 186 ( 25)
131 --> 140 ( 24)
132 -->  26 ( 34)
133 --> 126 ( 31)
134 --> 109 ( 27)
135 -->  88 ( 28)
136 --> 130 ( 25)
137 --> 120 ( 33)
137 --> 184 ( 28)
138 -->  53 ( 18)
139 -->   5 ( 38)
139 --> 106 ( 29)
139 --> 167 ( 35)
140 --> 135 ( 20)
141 -->  10 ( 25)
142 --> 146 ( 23)
143 -->  19 ( 19)
143 -->  94 ( 38)
143 --> 182 ( 26)
144 -->   3 ( 17)
145 --> 171 ( 22)
146 -->  40 ( 21)
146 --> 101 (  5)
146 --> 103 ( 38)
146 --> 105 ( 39)
147 -->  59 ( 23)
148 -->  80 ( 19)
149 --> 166 ( 30)
150 -->   6 ( 27)
151 -->  71 ( 33)
152 --> 103 ( 27)
152 --> 163 ( 31)
153 -->   6 ( 15)
153 -->  90 ( 24)
153 -->  95 ( 40)
153 -->  97 ( 11)
153 --> 149 ( 37)
153 --> 167 ( 20)
154 -->  56 ( 36)
155 --> 164 ( 27)
156 --> 132 ( 37)
157 -->  93 ( 34)
158 -->  74 ( 30)
159 -->  72 (  9)
159 --> 116 ( 18)
159 --> 162 (  8)
160 --> 187 ( 26)
161 --> 110 ( 24)
162 -->  24 ( 21)
162 -->  60 ( 22)
162 -->  97 ( 22)
162 --> 100 ( 30)
162 --> 152 ( 24)
162 --> 187 ( 24)
163 -->  23 ( 22)
163 -->  60 ( 33)
163 -->  78 ( 18)
163 --> 153 ( 15)
164 -->  34 ( 29)
165 --> 117 ( 17)
166 -->  37 ( 30)
166 -->  72 ( 31)
166 --> 101 ( 23)
166 --> 136 ( 20)
166 --> 139 ( 20)
167 -->  69 ( 24)
167 --> 101 ( 23)
167 --> 130 ( 20)
168 -->  35 ( 31)
169 --> 151 (  6)
170 --> 180 ( 37)
171 --> 160 ( 11)
172 -->  17 ( 29)
173 -->  41 ( 13)
174 --> 178 ( 26)
175 -->  66 ( 31)
175 -->  83 ( 39)
176 --> 144 ( 22)
177 -->  44 ( 23)
178 -->  84 ( 18)
179 --> 108 ( 21)
180 -->   0 ( 34)
181 --> 139 ( 39)
182 -->   6 ( 26)
182 -->   9 ( 30)
182 -->  37 ( 37)
182 --> 116 ( 35)
183 -->  76 ( 20)
184 -->  60 ( 18)
184 -->  97 ( 28)
184 --> 101 ( 32)
184 --> 129 ( 23)
184 --> 187 ( 19)
185 -->  45 ( 18)
185 --> 102 ( 32)
185 --> 163 ( 19)
186 -->  72 ( 31)
187 -->  16 ( 17)
187 --> 111 ( 19)
187 --> 120 ( 39)
187 --> 122 ( 15)
187 --> 137 ( 23)
