WEIGHTED DIGRAPH 206 386:
  0 --> 166 ( 35)
  1 --> 102 ( 13)
  2 --> 114 ( 23)
  3 -->  81 ( 16)
  4 -->  48 ( 32)
  4 -->  62 ( 28)
  4 -->  95 ( 13)
  4 --> 146 ( 26)
  4 --> 200 ( 25)
  5 -->  18 ( 31)
  6 --> 112 ( 29)
  6 --> 134 ( 34)
  7 -->  54 ( 31)
  7 --> 156 ( 34)
  8 --> 176 ( 20)
  9 --> 196 ( 22)
 10 --> 186 ( 18)
 11 -->  14 ( 25)
 12 -->  19 ( 26)
 12 -->  48 ( 23)
 12 -->  57 ( 36)
 12 --> 104 ( 16)
 12 --> 163 ( 33)
 13 --> 110 ( 26)
 14 --> 134 ( 25)
 15 -->  91 ( 13)
 16 -->  95 ( 39)
 17 -->  79 ( 31)
 18 --> 161 ( 32)
 19 -->   6 ( 14)
 20 --> 112 ( 28)
 21 -->  23 ( 29)
 21 -->  34 ( 25)
 21 -->  48 (  6)
 21 -->  54 ( 17)
 21 --> 177 ( 33)
 21 --> 179 ( 19)
 22 -->  77 ( 24)
 23 --> 197 ( 22)
 24 --> 105 (  8)
 25 --> 108 ( 16)
 25 --> 160 ( 30)
 25 --> 174 ( 34)
 25 --> 201 ( 32)
 26 --> 111 (  6)
 26 --> 177 ( 29)
 26 --> 186 ( 13)
 27 -->  12 ( 16)
 27 --> 116 ( 20)
 27 --> 204 ( 29)
 28 -->  97 ( 38)
 29 -->  65 ( 12)
 30 -->  11 ( 25)
 31 -->  17 ( 14)
 32 --> 138 ( 22)
 33 --> 123 ( 27)
 34 --> 108 ( 24)
 34 --> 149 ( 21)
 35 --> 195 ( 31)
 36 -->  22 ( 22)
 37 -->  13 ( 27)
 38 --> 118 ( 18)
 39 --> 190 ( 26)
 40 -->  83 ( 16)
 41 --> 104 ( 29)
 41 --> 116 ( 21)
 41 --> 149 (  4)
 42 --> 143 ( 30)
 43 --> 178 ( 21)
 44 --> 147 ( 10)
 45 -->   6 ( 27)
 45 -->  25 ( 10)
 45 --> 174 ( 17)
 46 -->  92 ( 19)
 47 -->  28 ( 42)
 48 -->  86 ( 35)
 48 --> 204 ( 21)
 49 -->   3 ( 27)
 50 -->   7 ( 19)
 50 -->  25 ( 41)
 50 --> 174 ( 40)
 51 --> 173 ( 25)
 52 --> 196 ( 20)
 53 --> 170 ( 21)
 54 -->  55 ( 22)
 54 -->  74 ( 20)
 54 --> 104 ( 14)
 54 --> 160 ( 20)
 55 --> 101 ( 19)
 55 --> 115 ( 20)
 55 --> 174 ( 17)
 55 --> 177 ( 30)
 55 --> 182 ( 23)
 56 --> 153 ( 30)
 58 -->  53 ( 31)
 59 --> 155 ( 29)
 60 --> 100 ( 39)
 60 --> 146 ( 26)
 61 --> 179 ( 12)
 62 -->   7 ( 30)
 62 -->  19 ( 31)
 62 -->  50 ( 17)
 62 -->  74 ( 18)
 62 --> 174 ( 37)
 62 --> 177 ( 19)
 62 --> 200 ( 16)
 63 --> 151 ( 46)
 64 -->  68 ( 20)
 65 -->  63 ( 38)
 66 -->   0 ( 30)
 67 -->  25 ( 22)
 67 -->  27 ( 19)
 67 -->  48 ( 25)
 67 -->  62 ( 10)
 67 -->  73 ( 28)
 68 -->  49 ( 27)
 69 -->  48 ( 28)
 69 -->  55 ( 27)
 69 -->  95 ( 24)
 69 --> 107 ( 17)
 69 --> 111 ( 36)
 69 --> 198 ( 34)
 70 --> 171 ( 28)
 71 --> 121 ( 35)
 72 --> 128 ( 19)
 73 -->   7 ( 25)
 73 -->  27 ( 33)
 73 -->  74 ( 24)
 73 -->  90 ( 23)
 73 --> 112 ( 33)
 73 --> 200 ( 21)
 73 --> 204 ( 33)
 74 -->  12 ( 15)
 74 -->  48 ( 26)
 74 -->  55 ( 31)
 74 -->  57 ( 24)
 74 --> 182 ( 26)
 74 --> 191 ( 21)
 75 --> 180 ( 22)
 76 --> 103 ( 23)
 77 --> 113 ( 25)
 78 -->  51 ( 36)
 79 --> 164 ( 26)
 80 --> 168 ( 31)
 81 --> 126 ( 20)
 82 -->  86 ( 37)
 82 --> 152 ( 40)
 82 --> 160 ( 14)
 82 --> 174 (  9)
 83 --> 150 ( 15)
 84 -->  59 ( 30)
 85 --> 193 ( 28)
 86 -->   6 ( 25)
 86 -->  60 ( 21)
 86 -->  90 ( 16)
 86 --> 174 ( 40)
 86 --> 191 ( 29)
 86 --> 196 ( 18)
 87 -->  39 ( 25)
 88 -->  64 ( 21)
 89 --> 162 ( 14)
 91 --> 101 ( 22)
 92 -->  36 ( 42)
 93 --> 181 ( 17)
 94 --> 203 ( 34)
 95 -->  12 ( 34)
 95 -->  99 ( 18)
 95 --> 119 ( 36)
 95 --> 174 ( 28)
 96 --> 109 ( 23)
 97 --> 175 ( 28)
 98 --> 139 ( 20)
 99 -->  78 ( 13)
100 -->  26 ( 42)
100 -->  95 ( 14)
100 --> 201 ( 32)
101 -->  24 ( 29)
101 -->  45 ( 36)
101 -->  54 ( 26)
101 -->  57 ( 24)
101 --> 108 ( 26)
102 -->  46 ( 29)
103 -->  58 ( 16)
104 -->   6 ( 22)
104 --> 144 ( 18)
104 --> 182 ( 16)
105 --> 141 ( 26)
106 --> 137 ( 12)
107 -->  34 ( 23)
107 -->  73 ( 19)
107 --> 119 ( 18)
107 --> 146 ( 33)
107 --> 152 ( 17)
108 -->  54 ( 28)
108 -->  73 ( 28)
108 --> 191 ( 22)
109 -->  85 (  9)
110 --> 122 ( 21)
111 -->   6 ( 23)
111 -->  34 ( 34)
111 -->  55 ( 20)
112 -->  54 ( 11)
112 -->  69 ( 15)
112 -->  82 ( 23)
112 --> 163 ( 25)
113 --> 186 ( 19)
114 -->  56 ( 35)
115 -->  54 ( 26)
115 --> 149 ( 23)
116 --> 104 ( 21)
116 --> 115 ( 16)
116 --> 152 ( 21)
117 -->  33 ( 30)
118 -->  88 ( 39)
119 --> 135 ( 10)
119 --> 200 ( 23)
120 --> 202 ( 40)
121 --> 185 ( 24)
122 --> 154 ( 18)
123 -->   5 ( 17)
124 -->  89 ( 18)
125 --> 127 ( 27)
126 -->  12 ( 13)
126 -->  26 ( 28)
126 -->  27 ( 30)
126 -->  34 ( 14)
126 -->  45 ( 22)
126 -->  84 ( 28)
126 -->  86 ( 25)
126 --> 116 ( 31)
126 --> 163 ( 20)
126 --> 186 ( 35)
127 -->   8 ( 17)
128 -->  37 ( 10)
129 -->   7 ( 28)
129 -->  90 ( 14)
129 --> 119 ( 11)
129 --> 160 ( 26)
129 --> 204 ( 32)
130 --> 183 ( 25)
131 --> 132 (  4)
132 --> 117 ( 27)
133 -->  71 ( 39)
134 -->  25 ( 34)
134 -->  43 ( 34)
134 -->  54 ( 21)
134 -->  57 ( 15)
134 -->  62 ( 23)
134 --> 129 ( 26)
134 --> 174 ( 20)
135 -->  74 ( 22)
135 --> 116 ( 13)
135 --> 152 (  9)
135 --> 182 ( 22)
136 --> 205 ( 26)
137 --> 157 ( 14)
138 -->  15 ( 10)
139 -->  52 ( 19)
140 -->  31 ( 21)
141 --> 172 ( 27)
142 -->  42 ( 24)
143 --> 165 ( 27)
144 --> 108 ( 21)
144 --> 111 ( 18)
144 --> 134 ( 27)
144 --> 149 ( 26)
144 --> 186 ( 45)
145 --> 167 ( 31)
146 -->  86 ( 20)
146 --> 191 ( 38)
147 --> 130 ( 41)
148 --> 142 ( 18)
149 -->  48 ( 30)
149 -->  73 ( 35)
150 --> 158 ( 26)
151 --> 120 ( 27)
152 -->  19 ( 11)
153 --> 148 ( 20)
154 -->  40 ( 15)
155 -->  30 ( 23)
156 -->  69 ( 41)
156 -->  90 ( 21)
156 --> 100 ( 27)
156 --> 107 ( 37)
156 --> 144 ( 34)
156 --> 177 ( 31)
157 --> 131 ( 27)
158 -->  98 ( 36)
159 --> 125 ( 23)
160 -->   6 ( 36)
160 -->  34 ( 27)
160 -->  41 ( 17)
160 -->  86 ( 28)
160 --> 200 ( 31)
160 --> 201 ( 26)
161 -->  16 ( 25)
162 -->  93 ( 14)
163 --> 198 ( 22)
164 --> 145 ( 20)
165 -->  21 ( 29)
166 -->  38 ( 40)
167 -->   9 ( 29)
168 --> 106 ( 14)
169 -->  96 ( 39)
170 --> 187 ( 19)
171 --> 124 ( 41)
172 -->  47 ( 26)
173 --> 136 ( 26)
174 --> 100 ( 18)
174 --> 135 ( 22)
174 --> 182 ( 28)
174 --> 201 ( 19)
175 --> 189 ( 24)
176 -->  61 ( 25)
177 -->   7 ( 18)
177 -->  50 ( 27)
177 --> 107 ( 29)
177 --> 108 ( 24)
177 --> 144 ( 33)
177 --> 201 ( 20)
178 --> 169 ( 14)
179 -->  60 ( 29)
179 -->  82 ( 15)
179 -->  90 ( 22)
179 -->  95 ( 20)
179 --> 182 ( 18)
179 --> 199 ( 34)
180 -->  66 ( 18)
181 --> 159 ( 26)
182 -->  34 ( 27)
182 -->  73 ( 36)
182 --> 144 ( 33)
182 --> 186 ( 14)
182 --> 196 ( 11)
183 --> 194 ( 29)
184 -->  70 ( 20)
185 -->  80 ( 34)
186 -->  19 ( 28)
186 -->  29 ( 30)
186 -->  48 ( 24)
186 --> 112 ( 28)
186 --> 184 ( 26)
187 -->  10 ( 17)
188 --> 192 ( 32)
189 -->  44 ( 36)
190 --> 188 ( 22)
191 -->   4 ( 24)
191 -->  48 ( 22)
191 -->  82 ( 23)
191 --> 179 ( 18)
192 -->   2 ( 30)
193 -->  75 ( 13)
194 -->  94 ( 25)
195 --> 140 ( 30)
196 -->  62 ( 30)
196 -->  67 (  5)
196 -->  87 ( 19)
196 --> 133 ( 20)
196 --> 152 ( 16)
197 -->  35 ( 16)
198 -->  27 ( 17)
198 -->  62 ( 13)
198 -->  95 ( 31)
198 --> 101 ( 35)
198 --> 107 ( 24)
198 --> 186 ( 21)
199 -->  76 ( 29)
200 -->  41 ( 21)
200 --> 100 ( 12)
200 --> 108 ( 33)
200 --> 111 ( 20)
201 --> 101 ( 29)
201 --> 107 ( 17)
201 --> 112 ( 34)
201 --> 152 ( 31)
201 --> 200 ( 10)
202 -->  32 ( 21)
203 -->   1 ( 22)
204 -->  54 ( 19)
204 --> 144 ( 39)
204 --> 146 ( 33)
204 --> 149 ( 18)
204 --> 174 ( 19)
204 --> 179 ( 35)
204 --> 196 ( 28)
205 -->  72 ( 22)
