WEIGHTED DIGRAPH 210 390:
  0 -->  43 ( 22)
  0 -->  59 ( 26)
  0 --> 127 ( 15)
  0 --> 164 ( 32)
  0 --> 189 ( 26)
  1 --> 131 ( 18)
  2 --> 133 ( 13)
  3 -->  91 ( 35)
  3 --> 110 ( 19)
  3 --> 119 ( 23)
  3 --> 187 ( 11)
  3 --> 190 ( 37)
  3 --> 205 ( 22)
  4 -->  38 ( 32)
  4 -->  41 ( 33)
  4 --> 131 ( 22)
  4 --> 200 ( 27)
  5 -->  16 ( 17)
  6 -->  23 ( 28)
  7 -->  99 ( 29)
  7 --> 125 (  6)
  7 --> 166 ( 30)
  8 --> 180 ( 38)
  9 --> 120 ( 24)
 10 -->  89 ( 17)
 11 --> 144 ( 32)
 12 --> 118 ( 21)
 13 --> 143 ( 33)
 14 --> 131 ( 24)
 14 --> 159 ( 31)
 15 --> 154 ( 27)
 16 --> 155 ( 23)
 17 --> 197 ( 14)
 18 -->  62 ( 43)
 19 --> 192 ( 22)
 20 -->   5 ( 18)
 21 --> 136 ( 23)
 22 -->   6 ( 32)
 23 --> 129 ( 29)
 24 -->  67 ( 19)
 25 -->  65 (  9)
 26 --> 116 ( 23)
 27 -->  75 ( 17)
 28 -->  78 ( 17)
 29 --> 122 ( 15)
 30 --> 106 ( 36)
 30 --> 113 ( 43)
 30 --> 159 ( 16)
 31 --> 169 ( 20)
 32 --> 109 ( 18)
 33 -->  30 ( 15)
 33 -->  59 ( 11)
 33 --> 160 ( 28)
 33 --> 164 ( 34)
 34 --> 156 ( 33)
 35 --> 167 ( 27)
 36 -->  69 ( 23)
 36 --> 105 ( 14)
 37 -->  13 ( 41)
 38 -->  30 ( 28)
 38 -->  74 ( 17)
 38 -->  91 ( 22)
 38 --> 164 (  9)
 39 -->  35 ( 34)
 40 -->  73 ( 25)
 41 -->   7 ( 17)
 41 -->  36 ( 22)
 41 -->  73 ( 22)
 41 -->  74 ( 37)
 41 -->  79 ( 29)
 41 --> 125 ( 15)
 41 --> 164 ( 20)
 42 -->  74 ( 29)
 42 --> 125 ( 28)
 42 --> 127 ( 19)
 42 --> 131 ( 32)
 42 --> 141 ( 28)
 42 --> 160 ( 25)
 42 --> 175 ( 31)
 43 -->  99 ( 17)
 43 --> 141 ( 20)
 43 --> 187 ( 21)
 44 --> 102 ( 29)
 45 --> 114 ( 22)
 46 -->  92 ( 24)
 47 -->  36 ( 23)
 47 -->  97 ( 28)
 47 --> 153 ( 28)
 48 -->  88 ( 37)
 49 -->  11 ( 21)
 50 --> 105 (  8)
 51 -->   1 ( 25)
 51 -->   7 ( 19)
 51 --> 110 ( 20)
 51 --> 164 ( 36)
 51 --> 209 ( 43)
 52 --> 209 ( 27)
 53 -->  52 ( 18)
 54 -->  45 ( 29)
 55 --> 110 ( 25)
 55 --> 160 ( 42)
 55 --> 175 ( 13)
 55 --> 187 ( 31)
 56 -->  81 ( 23)
 57 --> 113 ( 26)
 58 -->   7 ( 24)
 58 -->  36 ( 33)
 58 -->  41 ( 17)
 58 -->  91 ( 39)
 58 --> 106 ( 14)
 58 --> 131 ( 28)
 58 --> 138 (  7)
 59 -->  36 ( 36)
 59 -->  64 ( 37)
 59 -->  99 ( 25)
 59 --> 119 ( 20)
 59 --> 125 ( 33)
 59 --> 131 ( 23)
 60 --> 130 ( 25)
 61 -->   9 (  7)
 62 --> 113 ( 26)
 63 --> 157 ( 30)
 64 --> 160 ( 27)
 65 -->  48 ( 13)
 66 -->  63 ( 41)
 67 -->  85 ( 31)
 68 -->  83 ( 29)
 69 -->   0 ( 27)
 69 -->   1 ( 26)
 69 -->  77 ( 34)
 70 -->  39 ( 25)
 71 -->   1 ( 30)
 71 -->   4 ( 22)
 71 -->  51 ( 24)
 71 -->  56 ( 22)
 71 --> 125 ( 23)
 72 --> 187 ( 37)
 73 -->   7 ( 19)
 73 -->  38 ( 29)
 73 -->  60 ( 30)
 73 --> 175 ( 40)
 74 --> 100 ( 20)
 74 --> 159 ( 20)
 74 --> 202 ( 44)
 74 --> 205 ( 31)
 75 -->  90 ( 35)
 76 -->  64 ( 28)
 76 -->  97 ( 18)
 76 --> 101 ( 20)
 76 --> 106 ( 32)
 76 --> 112 ( 28)
 76 --> 113 ( 25)
 76 --> 201 ( 16)
 77 -->   3 ( 37)
 77 -->  14 ( 30)
 77 -->  33 ( 17)
 77 -->  96 ( 33)
 77 --> 125 ( 12)
 77 --> 141 ( 25)
 78 -->  12 ( 23)
 79 -->  43 ( 23)
 79 -->  91 ( 18)
 79 --> 175 ( 36)
 79 --> 209 ( 33)
 80 --> 184 ( 33)
 81 --> 132 ( 29)
 82 --> 124 ( 22)
 83 -->  19 ( 22)
 85 -->   8 ( 22)
 86 -->  94 ( 27)
 87 --> 193 ( 31)
 88 -->   2 ( 18)
 89 --> 187 ( 27)
 90 -->  68 ( 17)
 91 -->   1 ( 13)
 91 -->  14 ( 21)
 91 -->  41 ( 40)
 91 -->  51 ( 19)
 91 -->  84 ( 25)
 91 --> 138 ( 10)
 91 --> 164 ( 15)
 91 --> 189 ( 22)
 91 --> 209 ( 27)
 92 -->  98 ( 27)
 93 --> 134 ( 28)
 94 --> 139 ( 15)
 95 -->  72 ( 31)
 96 -->  36 ( 24)
 96 -->  64 ( 25)
 96 -->  69 (  9)
 96 -->  97 ( 12)
 96 --> 187 ( 33)
 96 --> 209 ( 43)
 97 -->  91 ( 38)
 97 --> 125 ( 30)
 97 --> 138 ( 23)
 97 --> 141 ( 25)
 97 --> 160 ( 28)
 98 --> 103 ( 20)
 99 -->  91 ( 22)
 99 -->  97 ( 24)
 99 --> 119 ( 23)
 99 --> 159 ( 22)
100 --> 179 ( 29)
101 -->  14 ( 25)
101 -->  59 ( 32)
101 -->  71 ( 20)
102 --> 185 ( 27)
103 -->  50 ( 13)
104 --> 149 ( 21)
105 -->   0 ( 37)
105 -->  55 ( 14)
105 -->  87 ( 33)
105 --> 164 ( 28)
105 --> 202 ( 29)
107 -->  18 ( 28)
108 --> 191 ( 40)
109 -->  80 ( 21)
110 --> 131 ( 15)
110 --> 166 ( 24)
111 -->  46 ( 21)
112 -->  74 ( 20)
112 -->  77 ( 29)
113 -->   0 ( 18)
113 --> 106 ( 20)
113 --> 172 ( 19)
113 --> 195 ( 40)
114 --> 115 ( 29)
115 --> 142 ( 19)
116 -->  34 ( 32)
117 --> 174 ( 26)
118 -->  27 ( 11)
119 -->  55 ( 27)
119 --> 105 ( 31)
120 -->  31 ( 13)
121 -->  70 ( 14)
122 -->  95 ( 36)
123 -->  58 ( 32)
123 -->  96 ( 27)
123 --> 189 ( 17)
123 --> 205 ( 21)
124 --> 199 ( 22)
125 -->  58 ( 30)
125 -->  99 ( 33)
126 --> 208 ( 17)
127 -->  14 ( 24)
127 -->  69 ( 28)
127 -->  73 ( 23)
127 -->  99 ( 37)
127 --> 164 ( 37)
127 --> 166 ( 20)
127 --> 202 ( 14)
128 -->  76 ( 29)
128 -->  97 ( 17)
128 --> 113 ( 28)
128 --> 119 ( 18)
129 --> 165 ( 29)
130 -->  61 ( 28)
131 -->  73 (  3)
132 -->  25 ( 18)
133 --> 117 ( 28)
134 --> 168 ( 19)
135 -->  91 ( 13)
135 -->  99 ( 20)
135 --> 187 ( 26)
136 -->  57 ( 21)
137 --> 170 ( 24)
138 --> 200 ( 10)
139 -->  49 ( 19)
140 --> 161 ( 29)
141 -->  47 ( 32)
141 -->  84 ( 41)
141 --> 110 ( 19)
141 --> 112 ( 34)
141 --> 125 ( 23)
141 --> 138 ( 10)
141 --> 166 ( 39)
142 -->  86 ( 20)
143 --> 188 (  8)
144 -->  71 ( 30)
145 --> 146 ( 28)
146 --> 204 ( 20)
147 --> 207 ( 30)
148 -->  10 ( 28)
149 --> 182 ( 16)
150 -->  32 ( 37)
151 --> 137 ( 38)
152 -->  29 ( 12)
153 -->  54 ( 20)
154 --> 152 ( 38)
155 -->  21 ( 35)
156 --> 126 ( 24)
157 --> 107 ( 36)
158 -->  40 ( 21)
159 -->   3 ( 23)
159 -->  42 ( 23)
159 --> 127 ( 15)
159 --> 160 ( 30)
160 -->  47 ( 27)
160 -->  59 ( 28)
160 --> 101 ( 24)
160 --> 138 ( 29)
161 --> 198 ( 36)
162 --> 150 ( 19)
163 --> 140 ( 16)
164 -->  30 ( 31)
164 --> 106 ( 29)
164 --> 166 ( 48)
164 --> 205 ( 34)
165 -->  17 ( 31)
166 -->   4 ( 24)
166 -->  79 ( 14)
166 --> 138 ( 47)
166 --> 189 ( 23)
167 --> 171 ( 16)
168 --> 173 ( 15)
169 --> 162 ( 27)
170 --> 121 ( 29)
171 --> 181 ( 15)
172 --> 163 ( 25)
173 --> 108 ( 36)
174 -->  93 ( 43)
175 -->  77 ( 19)
175 --> 113 ( 33)
175 --> 131 ( 24)
175 --> 202 ( 17)
175 --> 205 ( 17)
176 --> 145 ( 25)
177 --> 203 ( 26)
178 -->  14 ( 13)
178 -->  58 ( 36)
178 -->  74 ( 19)
178 --> 160 ( 32)
178 --> 166 ( 17)
179 --> 151 ( 36)
180 --> 111 ( 18)
181 -->  22 ( 26)
182 --> 196 ( 40)
183 -->  28 ( 19)
184 --> 177 ( 26)
185 --> 147 ( 10)
186 -->  53 (  6)
187 -->  14 ( 18)
187 -->  26 ( 43)
187 -->  37 ( 39)
187 --> 101 ( 34)
188 --> 104 ( 12)
189 -->  43 ( 29)
190 -->  91 ( 38)
190 --> 101 ( 13)
190 --> 201 ( 28)
191 --> 206 ( 18)
192 -->  24 ( 26)
193 -->  44 ( 11)
194 -->  82 ( 36)
195 --> 183 ( 37)
196 -->  74 ( 23)
197 --> 148 ( 33)
198 --> 194 ( 20)
199 --> 186 ( 25)
200 -->  69 ( 11)
200 -->  84 ( 23)
201 -->  36 ( 24)
201 -->  43 ( 26)
201 -->  59 ( 13)
201 -->  69 ( 31)
201 -->  77 ( 22)
201 --> 105 ( 19)
201 --> 110 ( 22)
201 --> 202 ( 24)
202 -->  14 ( 16)
202 -->  38 ( 21)
202 -->  79 ( 22)
203 -->  15 ( 26)
204 -->  66 ( 22)
205 -->  43 ( 35)
205 -->  47 ( 16)
205 -->  64 ( 32)
205 --> 105 ( 29)
205 --> 113 ( 18)
205 --> 202 ( 26)
206 -->  47 ( 36)
207 -->  20 ( 17)
208 --> 158 ( 42)
209 -->  73 ( 20)
209 --> 105 ( 23)
209 --> 141 ( 20)
209 --> 166 ( 19)
209 --> 176 ( 19)
209 --> 178 ( 16)
