WEIGHTED DIGRAPH 222 402:
  0 --> 205 ( 27)
  1 --> 147 ( 30)
  2 -->   0 ( 35)
  3 -->  83 ( 20)
  4 -->  62 ( 31)
  4 -->  87 ( 15)
  4 --> 117 ( 16)
  4 --> 132 ( 19)
  4 --> 219 ( 13)
  4 --> 220 ( 20)
  5 --> 110 ( 18)
  6 --> 134 ( 27)
  7 --> 120 ( 24)
  8 -->  29 ( 18)
  9 -->  99 ( 31)
 10 -->  12 ( 24)
 11 -->  28 ( 37)
 11 --> 100 ( 34)
 11 --> 169 ( 29)
 12 -->  63 ( 23)
 13 --> 125 ( 45)
 14 -->   8 ( 18)
 14 -->  68 ( 10)
 14 --> 131 ( 29)
 14 --> 219 ( 26)
 14 --> 220 ( 17)
 15 --> 137 ( 14)
 16 --> 114 (  7)
 17 -->  39 ( 29)
 18 -->  92 ( 24)
 19 --> 170 ( 27)
 20 --> 213 ( 26)
 21 -->  30 (  7)
 22 --> 150 ( 35)
 23 --> 143 ( 34)
 24 -->  56 ( 35)
 25 -->  13 ( 34)
 26 -->   5 ( 23)
 27 -->  29 ( 29)
 27 -->  78 ( 39)
 27 --> 122 ( 17)
 27 --> 160 ( 13)
 27 --> 211 (  8)
 28 -->  71 (  5)
 28 -->  87 ( 41)
 28 -->  94 ( 46)
 28 --> 106 ( 16)
 28 --> 132 ( 16)
 28 --> 192 ( 18)
 29 -->  55 ( 35)
 29 -->  70 ( 11)
 29 -->  71 ( 20)
 29 -->  72 ( 17)
 29 --> 104 ( 27)
 29 --> 209 ( 33)
 30 -->  16 ( 32)
 31 -->  41 ( 24)
 32 -->  88 ( 23)
 33 --> 152 ( 28)
 34 -->  96 ( 22)
 35 --> 199 ( 21)
 36 -->  23 ( 26)
 37 --> 144 ( 27)
 38 -->   2 ( 24)
 38 -->  29 ( 22)
 38 -->  70 (  5)
 38 -->  87 ( 41)
 38 --> 103 ( 26)
 38 --> 206 ( 11)
 38 --> 213 ( 37)
 39 --> 214 ( 10)
 40 -->  36 ( 26)
 41 -->  43 ( 26)
 42 --> 175 (  4)
 43 -->  42 (  8)
 44 -->  38 ( 35)
 45 -->  58 ( 36)
 46 -->  84 ( 18)
 47 -->  95 ( 37)
 48 --> 193 ( 28)
 49 --> 194 ( 35)
 50 --> 212 ( 18)
 51 -->  17 ( 28)
 52 -->  10 ( 25)
 53 --> 189 ( 19)
 54 -->  28 ( 31)
 54 -->  72 ( 24)
 54 -->  94 ( 31)
 54 --> 158 ( 28)
 54 --> 161 ( 31)
 54 --> 196 ( 23)
 55 -->  38 ( 18)
 55 --> 106 ( 24)
 55 --> 158 ( 31)
 55 --> 173 ( 21)
 55 --> 219 ( 35)
 56 -->  81 ( 37)
 57 --> 179 ( 17)
 58 -->  51 ( 17)
 59 --> 123 ( 19)
 60 --> 153 ( 22)
 61 --> 202 ( 26)
 62 --> 135 ( 23)
 62 --> 139 ( 28)
 62 --> 173 ( 29)
 63 -->  34 ( 13)
 64 -->  40 ( 27)
 65 -->  14 ( 27)
 65 -->  28 ( 15)
 65 --> 158 (  8)
 65 --> 163 ( 26)
 65 --> 178 ( 10)
 65 --> 186 ( 28)
 65 --> 210 ( 12)
 65 --> 220 ( 29)
 66 --> 177 ( 17)
 67 --> 174 ( 19)
 68 --> 140 ( 36)
 69 --> 138 ( 15)
 70 -->  28 ( 27)
 70 --> 186 ( 19)
 71 -->  47 ( 32)
 71 -->  55 ( 26)
 71 --> 163 (  4)
 71 --> 169 ( 28)
 71 --> 192 ( 17)
 72 -->  65 ( 17)
 72 --> 183 ( 23)
 72 --> 220 ( 25)
 73 -->  54 ( 26)
 74 --> 145 ( 38)
 75 --> 121 ( 24)
 76 -->  14 ( 28)
 77 --> 207 ( 35)
 78 -->  71 ( 37)
 78 --> 161 ( 29)
 79 -->  55 ( 15)
 79 -->  70 ( 31)
 79 --> 103 ( 31)
 79 --> 178 ( 36)
 79 --> 202 ( 28)
 79 --> 206 ( 25)
 79 --> 219 ( 26)
 80 -->  76 ( 27)
 81 -->  75 ( 11)
 82 --> 157 ( 18)
 83 --> 159 ( 27)
 84 -->  60 ( 21)
 85 -->  59 ( 28)
 86 --> 221 ( 43)
 87 -->  78 ( 21)
 87 --> 101 ( 23)
 87 --> 111 ( 35)
 87 --> 135 ( 41)
 87 --> 163 ( 19)
 87 --> 180 ( 28)
 88 -->  69 ( 24)
 89 --> 201 ( 45)
 90 -->  52 ( 22)
 91 --> 103 ( 30)
 91 --> 111 ( 29)
 91 --> 178 ( 41)
 92 --> 182 ( 17)
 93 -->  25 ( 37)
 94 -->  11 ( 34)
 94 -->  47 (  5)
 94 -->  87 ( 32)
 94 --> 104 ( 42)
 94 --> 106 ( 32)
 94 --> 129 ( 13)
 95 -->  54 ( 40)
 95 --> 103 ( 34)
 95 --> 104 ( 15)
 95 --> 106 ( 37)
 96 --> 187 ( 21)
 97 --> 200 ( 19)
 98 --> 146 (  9)
 98 --> 192 ( 32)
 99 --> 113 ( 11)
100 --> 111 ( 11)
100 --> 135 ( 31)
100 --> 139 ( 12)
100 --> 158 (  9)
100 --> 160 ( 35)
100 --> 219 ( 27)
101 -->  38 ( 19)
101 --> 129 ( 11)
101 --> 173 ( 43)
102 --> 155 ( 31)
103 -->  55 ( 13)
104 -->  71 ( 19)
104 --> 160 ( 25)
104 --> 180 ( 28)
105 --> 142 ( 29)
106 -->  87 ( 32)
106 -->  98 ( 18)
106 --> 111 ( 24)
106 --> 206 ( 27)
107 --> 126 ( 29)
108 --> 167 ( 22)
109 --> 190 ( 35)
110 -->   3 ( 29)
111 -->  14 ( 26)
112 --> 108 ( 27)
113 --> 151 ( 29)
114 --> 133 ( 23)
115 -->  32 ( 17)
116 -->  61 ( 17)
117 -->  38 ( 26)
117 -->  62 ( 29)
117 -->  79 ( 27)
117 --> 106 ( 11)
117 --> 135 ( 26)
117 --> 146 ( 39)
118 -->  64 ( 24)
119 --> 136 ( 28)
120 --> 164 ( 34)
121 --> 218 ( 23)
122 --> 197 ( 41)
123 -->  89 ( 23)
124 -->  46 ( 35)
125 -->   9 ( 20)
126 --> 102 ( 35)
127 --> 183 ( 20)
128 -->  21 ( 27)
129 -->  37 ( 32)
129 -->  62 (  9)
129 -->  71 ( 32)
129 -->  78 ( 24)
129 --> 131 ( 34)
129 --> 158 ( 30)
129 --> 208 ( 28)
130 --> 154 ( 33)
131 -->   8 ( 14)
131 -->  65 ( 25)
131 -->  71 ( 14)
131 --> 139 ( 33)
131 --> 210 ( 19)
132 -->  38 ( 14)
132 -->  47 ( 27)
132 -->  70 (  8)
132 -->  98 ( 49)
132 --> 169 ( 40)
132 --> 192 ( 31)
133 -->  19 ( 35)
134 -->  97 ( 35)
135 -->  38 ( 24)
135 -->  47 ( 24)
135 --> 160 ( 23)
135 --> 178 (  9)
136 --> 172 ( 27)
137 --> 180 ( 31)
138 --> 112 ( 28)
139 -->  14 ( 20)
139 -->  87 ( 33)
139 --> 104 ( 14)
139 --> 158 ( 16)
139 --> 166 ( 30)
139 --> 169 ( 16)
139 --> 178 ( 25)
140 -->  26 ( 22)
141 --> 149 ( 21)
142 -->  35 ( 14)
143 -->  44 ( 13)
144 -->  24 ( 17)
145 -->  66 ( 15)
146 -->  78 ( 17)
146 --> 109 ( 33)
146 --> 158 ( 15)
146 --> 209 ( 24)
147 --> 216 ( 28)
148 --> 176 ( 33)
149 -->  57 ( 24)
150 -->  50 ( 29)
151 --> 203 ( 32)
152 --> 156 ( 14)
153 -->  48 ( 21)
154 -->  18 ( 38)
155 -->   6 ( 30)
156 -->  80 ( 32)
157 --> 162 ( 19)
158 -->  72 ( 23)
158 -->  98 ( 34)
158 --> 104 ( 28)
158 --> 106 (  8)
158 --> 169 ( 28)
158 --> 171 ( 19)
158 --> 209 ( 24)
159 -->  74 ( 30)
160 -->  47 ( 15)
160 -->  72 ( 21)
160 --> 131 ( 14)
160 --> 186 ( 34)
160 --> 202 ( 38)
161 -->  28 ( 13)
161 -->  72 ( 20)
161 --> 127 ( 34)
161 --> 186 ( 23)
161 --> 209 ( 17)
162 -->  15 ( 25)
163 -->  94 ( 23)
164 --> 195 ( 33)
165 --> 107 ( 21)
167 -->  49 ( 16)
168 -->  86 ( 26)
169 -->   4 ( 41)
169 -->  78 ( 33)
169 --> 135 ( 23)
169 --> 161 ( 21)
170 --> 168 ( 37)
171 -->  38 ( 31)
171 --> 166 ( 27)
172 --> 188 ( 34)
174 --> 146 ( 36)
175 -->  85 ( 37)
176 --> 185 ( 30)
177 --> 105 ( 28)
178 --> 100 ( 37)
178 --> 171 ( 17)
178 --> 210 ( 16)
179 -->  77 ( 22)
180 --> 124 ( 31)
180 --> 132 ( 21)
180 --> 135 ( 30)
180 --> 208 ( 28)
180 --> 209 ( 26)
181 --> 115 ( 28)
182 --> 141 ( 21)
183 -->  28 ( 31)
183 --> 132 ( 14)
183 --> 219 ( 32)
184 -->  79 ( 34)
184 --> 101 ( 19)
184 --> 104 ( 27)
184 --> 146 ( 34)
184 --> 163 ( 29)
185 --> 204 ( 39)
186 -->   4 ( 13)
186 -->  20 ( 21)
186 -->  54 ( 25)
186 --> 183 ( 39)
186 --> 219 ( 11)
187 --> 119 ( 28)
188 --> 118 ( 23)
189 -->  67 ( 18)
190 -->   1 ( 18)
191 --> 198 ( 36)
192 -->  87 ( 28)
192 --> 101 ( 20)
192 --> 148 ( 31)
192 --> 184 ( 27)
192 --> 208 ( 27)
193 -->  33 ( 24)
194 -->  53 ( 20)
195 -->  27 ( 36)
196 --> 130 ( 21)
197 --> 191 ( 32)
198 --> 217 ( 18)
199 --> 215 ( 20)
200 --> 129 ( 24)
201 --> 116 ( 16)
202 -->  38 ( 14)
202 -->  71 ( 24)
202 -->  91 ( 35)
202 -->  93 ( 16)
202 --> 132 ( 21)
202 --> 173 ( 28)
203 -->  22 ( 19)
204 -->   7 ( 30)
205 --> 181 ( 27)
206 -->  20 ( 23)
206 -->  27 ( 24)
206 -->  65 ( 32)
206 --> 178 ( 34)
207 -->  31 ( 40)
208 -->  29 ( 20)
208 -->  72 ( 45)
208 --> 127 ( 34)
209 -->  14 ( 24)
209 -->  65 ( 20)
209 -->  95 ( 14)
209 --> 206 ( 31)
210 -->  11 ( 14)
210 -->  79 ( 28)
210 --> 101 ( 38)
210 --> 158 ( 18)
211 --> 165 ( 24)
212 -->  73 ( 33)
213 -->  65 ( 23)
213 --> 146 ( 34)
214 --> 128 (  7)
215 -->  82 ( 26)
216 -->  90 ( 33)
217 -->  45 ( 31)
218 -->  27 ( 16)
219 -->  87 ( 24)
219 --> 131 ( 20)
219 --> 173 ( 16)
219 --> 178 ( 19)
219 --> 213 ( 29)
220 -->  78 ( 20)
221 --> 192 ( 16)
