WEIGHTED DIGRAPH 216 396:
  0 -->  86 ( 16)
  0 -->  97 ( 21)
  0 --> 146 ( 31)
  0 --> 194 ( 34)
  0 --> 204 ( 32)
  0 --> 212 ( 28)
  1 --> 115 ( 23)
  2 --> 144 ( 32)
  3 --> 161 ( 42)
  3 --> 191 ( 11)
  4 --> 179 (  9)
  5 --> 160 ( 23)
  6 --> 173 ( 32)
  7 -->   9 ( 25)
  8 --> 174 ( 19)
  9 --> 151 ( 22)
 10 -->  69 ( 23)
 11 -->  44 ( 29)
 11 -->  73 ( 30)
 11 -->  86 ( 23)
 11 --> 109 ( 31)
 11 --> 203 ( 23)
 11 --> 211 ( 34)
 12 -->   0 ( 25)
 12 -->  11 ( 25)
 12 -->  62 ( 32)
 12 --> 121 ( 16)
 12 --> 175 ( 28)
 12 --> 203 ( 22)
 13 -->   3 ( 27)
 13 -->  30 ( 18)
 13 -->  77 ( 22)
 13 --> 112 ( 23)
 13 --> 119 ( 28)
 13 --> 191 ( 35)
 13 --> 195 (  5)
 14 --> 207 ( 22)
 15 --> 127 ( 21)
 15 --> 211 ( 22)
 16 --> 141 ( 26)
 17 -->  12 ( 24)
 17 --> 102 ( 33)
 17 --> 145 ( 31)
 17 --> 161 ( 36)
 17 --> 172 ( 26)
 17 --> 178 ( 36)
 18 --> 139 ( 28)
 19 -->  32 ( 20)
 20 -->  50 ( 29)
 21 --> 192 ( 34)
 22 -->  49 ( 31)
 23 -->  28 ( 34)
 24 -->  35 ( 24)
 25 -->  55 ( 14)
 26 --> 164 ( 20)
 27 -->  61 ( 23)
 28 --> 196 ( 27)
 29 --> 148 ( 38)
 30 -->  60 (  7)
 31 -->  64 ( 21)
 32 -->  16 ( 22)
 33 -->   4 ( 21)
 34 --> 175 ( 28)
 35 -->  72 ( 31)
 36 -->  41 ( 38)
 37 -->  74 ( 32)
 37 --> 120 ( 35)
 37 --> 121 ( 31)
 38 --> 209 ( 26)
 39 -->  38 ( 13)
 40 -->  17 ( 25)
 40 -->  73 ( 18)
 40 -->  95 ( 39)
 41 --> 181 ( 36)
 42 --> 131 ( 23)
 43 --> 125 (  8)
 44 --> 175 ( 27)
 44 --> 194 ( 27)
 44 --> 211 ( 36)
 45 --> 171 ( 26)
 46 --> 129 ( 24)
 47 -->  21 ( 27)
 48 --> 165 ( 16)
 49 --> 154 ( 18)
 50 --> 182 ( 28)
 51 -->  48 ( 18)
 52 -->  23 ( 27)
 53 --> 105 ( 22)
 54 --> 170 ( 12)
 55 --> 185 ( 31)
 56 --> 112 ( 26)
 57 -->  77 ( 23)
 57 --> 111 ( 14)
 57 --> 157 ( 34)
 57 --> 193 ( 34)
 57 --> 204 ( 14)
 58 -->  11 ( 12)
 58 -->  82 ( 24)
 58 --> 121 ( 16)
 59 -->  80 ( 25)
 59 --> 103 ( 29)
 59 --> 109 ( 27)
 59 --> 127 ( 15)
 59 --> 178 ( 11)
 60 -->  59 ( 27)
 60 -->  63 ( 27)
 60 -->  73 ( 13)
 60 -->  78 ( 31)
 60 -->  97 ( 17)
 60 --> 145 ( 21)
 60 --> 166 ( 22)
 61 --> 155 ( 27)
 63 -->  84 ( 22)
 63 -->  93 ( 32)
 64 -->  88 ( 39)
 65 -->  33 ( 28)
 66 -->  71 ( 19)
 67 -->  65 ( 25)
 68 --> 188 ( 18)
 69 -->  19 ( 31)
 70 --> 132 ( 32)
 71 -->  85 ( 23)
 72 --> 169 ( 17)
 73 -->   0 ( 13)
 73 --> 195 ( 21)
 73 --> 214 ( 34)
 74 --> 109 ( 24)
 74 --> 211 ( 18)
 74 --> 214 ( 40)
 75 -->  59 ( 26)
 76 -->   0 ( 21)
 77 -->  17 ( 20)
 77 --> 112 ( 12)
 77 --> 145 ( 34)
 77 --> 179 ( 24)
 77 --> 194 ( 34)
 78 -->  13 ( 29)
 78 -->  89 ( 27)
 79 --> 205 ( 34)
 80 -->  70 ( 20)
 81 --> 202 ( 35)
 82 -->  37 ( 29)
 82 -->  44 ( 19)
 82 -->  57 ( 27)
 82 -->  62 ( 24)
 82 -->  74 ( 43)
 83 -->  34 ( 17)
 84 --> 119 ( 31)
 84 --> 134 ( 25)
 85 --> 130 ( 32)
 86 -->  37 ( 29)
 86 -->  58 ( 26)
 86 -->  93 ( 24)
 86 -->  99 ( 22)
 86 --> 140 ( 31)
 86 --> 172 ( 32)
 86 --> 177 ( 24)
 86 --> 204 ( 33)
 87 --> 117 ( 26)
 88 --> 150 ( 24)
 89 -->  30 ( 19)
 89 -->  58 ( 39)
 89 -->  74 ( 32)
 89 --> 138 ( 14)
 89 --> 162 ( 24)
 89 --> 195 ( 31)
 90 -->  51 ( 25)
 91 --> 184 ( 33)
 92 --> 159 ( 31)
 93 -->  44 ( 18)
 93 --> 175 ( 20)
 93 --> 214 ( 25)
 94 --> 116 ( 22)
 95 --> 112 (  7)
 95 --> 120 ( 18)
 95 --> 204 ( 29)
 96 -->  26 ( 10)
 97 -->  44 ( 22)
 97 --> 166 ( 36)
 97 --> 191 ( 11)
 98 -->  46 ( 21)
 99 -->   7 ( 30)
100 --> 156 ( 18)
101 --> 213 ( 31)
102 -->   0 ( 32)
102 -->  11 ( 29)
102 -->  12 ( 44)
102 -->  63 ( 38)
102 -->  77 ( 43)
102 --> 195 ( 34)
103 -->  12 ( 23)
103 -->  52 ( 22)
103 --> 175 ( 25)
103 --> 179 ( 16)
103 --> 194 ( 38)
104 -->  90 ( 20)
105 -->  75 ( 35)
106 -->  86 ( 25)
107 --> 186 ( 17)
108 --> 176 ( 19)
109 --> 127 ( 32)
109 --> 162 ( 30)
109 --> 172 ( 24)
109 --> 177 ( 27)
110 --> 118 ( 46)
111 -->  59 ( 30)
111 -->  97 ( 30)
111 --> 162 ( 22)
111 --> 190 ( 28)
111 --> 214 ( 33)
112 -->  17 ( 22)
112 -->  82 ( 15)
112 --> 103 ( 28)
112 --> 152 ( 30)
112 --> 214 ( 41)
113 --> 128 ( 27)
114 --> 198 ( 40)
115 -->  14 ( 32)
116 --> 163 ( 18)
117 --> 215 ( 21)
118 --> 123 (  5)
119 -->   3 ( 22)
119 -->  44 ( 19)
119 -->  57 ( 21)
119 -->  77 ( 24)
119 --> 158 ( 28)
120 -->   3 ( 26)
120 --> 119 ( 42)
120 --> 138 ( 18)
120 --> 145 ( 27)
120 --> 191 ( 20)
121 -->   0 ( 25)
121 -->  11 ( 15)
121 -->  13 ( 18)
121 -->  30 ( 29)
121 -->  89 ( 30)
122 -->  87 ( 23)
123 -->  42 ( 21)
124 -->  98 ( 33)
125 --> 110 ( 20)
126 --> 180 ( 18)
127 --> 120 ( 25)
127 --> 121 ( 29)
128 --> 187 ( 22)
129 -->   0 ( 32)
130 --> 100 ( 26)
131 -->  56 ( 17)
132 --> 210 ( 25)
133 -->  83 ( 18)
134 -->   0 ( 20)
134 -->  77 ( 30)
134 --> 121 ( 25)
134 --> 127 ( 37)
135 --> 206 ( 18)
136 -->  47 ( 32)
137 --> 167 ( 35)
138 --> 119 ( 22)
139 --> 197 ( 22)
140 -->  58 ( 22)
140 -->  59 ( 26)
140 -->  77 ( 22)
140 --> 109 ( 31)
140 --> 119 ( 24)
140 --> 142 ( 25)
140 --> 179 ( 13)
140 --> 204 ( 24)
141 --> 189 ( 20)
142 -->  11 ( 30)
142 -->  82 ( 32)
142 --> 120 ( 28)
142 --> 190 ( 31)
143 -->   2 ( 33)
144 -->  79 ( 30)
145 -->  11 ( 24)
145 -->  58 ( 21)
146 -->  68 ( 37)
147 --> 114 ( 17)
148 -->  25 ( 26)
149 -->   1 ( 32)
150 -->  53 ( 24)
151 -->  29 ( 39)
152 -->  67 ( 33)
153 -->  20 (  8)
154 --> 126 ( 38)
155 -->   6 ( 27)
156 -->  92 ( 35)
157 -->  54 (  5)
158 -->  63 ( 23)
158 -->  86 ( 13)
158 --> 111 ( 31)
158 --> 211 ( 32)
159 --> 200 ( 19)
160 --> 137 ( 24)
161 -->  15 ( 33)
161 --> 111 ( 21)
161 --> 121 ( 32)
161 --> 140 ( 22)
161 --> 191 ( 37)
162 -->  40 ( 16)
162 -->  44 ( 20)
162 --> 191 ( 33)
162 --> 214 ( 21)
163 --> 199 ( 14)
164 -->  18 ( 31)
165 --> 147 ( 18)
166 -->  58 ( 24)
166 -->  78 ( 28)
166 --> 161 ( 19)
166 --> 201 ( 22)
167 -->  27 ( 28)
168 -->  22 ( 12)
169 -->  10 ( 28)
170 --> 107 ( 26)
171 -->  66 ( 22)
172 -->  58 ( 31)
172 --> 119 ( 19)
173 --> 168 ( 30)
174 --> 208 ( 27)
175 -->   8 ( 25)
175 -->  97 ( 22)
175 --> 145 ( 41)
175 --> 161 ( 39)
176 --> 135 ( 19)
177 -->  12 ( 35)
177 -->  77 (  9)
177 --> 102 ( 22)
178 -->   3 ( 39)
178 -->  74 ( 28)
179 -->  58 ( 30)
179 -->  94 ( 39)
179 --> 109 ( 26)
179 --> 120 (  9)
179 --> 127 ( 33)
179 --> 177 ( 35)
180 --> 166 ( 27)
181 -->  96 ( 28)
182 -->  43 ( 10)
183 -->  81 (  7)
184 --> 103 ( 20)
185 --> 122 ( 33)
186 --> 108 ( 11)
187 -->  24 ( 31)
188 -->  91 ( 31)
189 -->  76 ( 27)
190 -->  44 ( 14)
190 -->  77 ( 33)
190 -->  84 ( 27)
190 --> 158 ( 24)
190 --> 179 ( 19)
190 --> 191 ( 36)
191 -->  30 (  9)
191 -->  89 ( 14)
192 -->  36 ( 19)
193 -->  12 ( 33)
193 -->  13 (  9)
193 -->  84 ( 27)
193 --> 111 ( 18)
193 --> 158 ( 32)
193 --> 172 ( 28)
194 -->  78 ( 29)
194 -->  95 ( 21)
194 --> 120 ( 17)
194 --> 121 ( 17)
195 -->  60 ( 30)
195 -->  82 ( 27)
195 --> 166 ( 25)
195 --> 175 ( 29)
196 --> 113 ( 31)
197 --> 106 ( 24)
198 -->  31 ( 15)
199 --> 101 ( 25)
200 --> 133 ( 45)
201 --> 143 ( 15)
202 -->  45 ( 22)
203 -->   3 ( 16)
203 -->  84 ( 23)
203 --> 134 ( 34)
203 --> 138 ( 16)
204 -->  15 ( 24)
204 --> 102 ( 22)
204 --> 109 ( 41)
204 --> 191 ( 20)
205 --> 104 ( 29)
206 --> 136 ( 32)
207 --> 153 ( 21)
208 --> 124 ( 40)
209 --> 183 ( 37)
210 -->   5 ( 27)
211 -->  59 ( 26)
211 --> 179 ( 38)
212 -->  39 ( 41)
213 --> 149 ( 33)
214 -->  11 ( 31)
214 -->  44 ( 22)
214 --> 145 ( 19)
215 -->  57 ( 33)
