WEIGHTED DIGRAPH 200 380:
  0 -->   3 ( 10)
  1 -->  24 ( 31)
  1 -->  36 ( 21)
  1 -->  44 ( 31)
  1 -->  71 ( 28)
  1 --> 115 ( 26)
  1 --> 159 ( 35)
  1 --> 179 ( 36)
  1 --> 198 ( 27)
  2 --> 111 ( 33)
  3 -->  58 ( 35)
  4 -->  93 ( 32)
  5 -->  37 ( 10)
  6 -->   9 ( 24)
  7 -->  22 ( 13)
  8 --> 101 ( 19)
  9 --> 189 ( 26)
 10 -->  50 ( 24)
 11 -->  89 ( 39)
 12 -->   7 ( 28)
 13 --> 133 ( 20)
 14 --> 162 ( 17)
 15 -->  34 ( 39)
 16 -->  24 ( 26)
 16 -->  79 ( 17)
 16 --> 114 ( 12)
 16 --> 159 ( 23)
 17 -->  51 ( 16)
 18 -->  85 ( 29)
 19 --> 154 ( 22)
 20 --> 107 ( 42)
 21 --> 114 ( 26)
 22 -->   6 ( 25)
 23 --> 149 ( 28)
 24 -->  37 ( 24)
 24 --> 106 ( 17)
 24 --> 123 ( 27)
 24 --> 174 ( 36)
 24 --> 183 ( 16)
 24 --> 187 ( 44)
 25 --> 156 ( 15)
 26 --> 109 ( 34)
 27 -->  44 ( 28)
 27 -->  78 ( 31)
 27 -->  83 ( 33)
 27 --> 170 ( 31)
 28 -->  95 ( 22)
 29 --> 116 ( 26)
 30 -->  92 ( 36)
 30 --> 101 ( 39)
 30 --> 179 ( 38)
 31 --> 119 ( 30)
 32 -->  69 ( 23)
 32 --> 112 ( 31)
 33 --> 184 ( 38)
 34 -->  61 ( 17)
 35 -->  25 ( 18)
 36 --> 112 (  7)
 36 --> 198 ( 28)
 37 -->   4 ( 25)
 37 -->  36 ( 26)
 37 -->  42 ( 27)
 37 -->  71 ( 39)
 38 -->  32 ( 26)
 38 -->  52 ( 38)
 38 -->  78 ( 29)
 38 --> 172 ( 34)
 39 -->  19 ( 30)
 40 -->  70 ( 13)
 40 -->  83 ( 32)
 40 --> 158 ( 26)
 40 --> 159 ( 31)
 41 --> 132 ( 18)
 42 -->  56 ( 14)
 43 -->  37 ( 35)
 43 -->  52 ( 27)
 43 --> 115 ( 23)
 43 --> 122 ( 29)
 43 --> 158 ( 43)
 44 -->  16 ( 28)
 44 -->  37 ( 23)
 44 -->  82 ( 42)
 44 --> 106 ( 15)
 44 --> 155 ( 33)
 45 --> 161 ( 17)
 46 -->  52 ( 21)
 46 -->  70 ( 31)
 46 --> 115 ( 18)
 46 --> 147 ( 20)
 46 --> 159 ( 22)
 46 --> 180 ( 39)
 47 -->  80 ( 35)
 48 --> 125 ( 17)
 49 -->  33 ( 31)
 50 --> 185 ( 11)
 51 -->  39 ( 27)
 52 -->  30 ( 24)
 52 -->  64 ( 30)
 52 -->  90 ( 21)
 52 --> 101 ( 19)
 52 --> 158 ( 36)
 52 --> 187 (  8)
 53 --> 182 ( 26)
 54 -->  15 ( 15)
 55 --> 129 ( 25)
 56 --> 168 ( 18)
 57 --> 128 ( 30)
 58 --> 190 ( 13)
 59 -->   2 ( 26)
 60 -->  54 ( 34)
 61 --> 146 ( 33)
 62 --> 137 ( 19)
 63 -->  91 ( 19)
 64 -->   1 ( 34)
 64 -->  16 ( 34)
 64 -->  30 ( 26)
 64 --> 180 ( 25)
 65 --> 117 ( 30)
 66 --> 104 ( 17)
 67 --> 141 ( 10)
 68 -->  13 ( 17)
 69 -->   1 ( 21)
 69 --> 115 ( 11)
 69 --> 159 ( 16)
 70 --> 122 ( 10)
 70 --> 170 ( 17)
 71 -->  24 (  7)
 71 --> 101 ( 34)
 71 --> 110 ( 25)
 71 --> 172 ( 37)
 72 --> 108 ( 36)
 73 -->  35 ( 17)
 74 --> 151 ( 24)
 75 -->  84 ( 31)
 76 -->  36 ( 29)
 76 -->  52 ( 17)
 76 -->  79 ( 24)
 76 -->  82 ( 28)
 76 --> 118 ( 20)
 76 --> 123 ( 20)
 77 --> 173 ( 19)
 78 -->  30 ( 44)
 78 -->  40 ( 39)
 78 --> 123 ( 26)
 78 --> 147 ( 47)
 78 --> 176 ( 43)
 79 --> 122 ( 36)
 79 --> 170 ( 22)
 79 --> 174 ( 30)
 79 --> 186 ( 37)
 80 -->  21 ( 31)
 81 --> 166 ( 27)
 82 -->  52 ( 44)
 82 -->  64 ( 14)
 82 -->  98 ( 28)
 82 --> 174 ( 37)
 82 --> 186 ( 43)
 83 -->  44 ( 26)
 83 -->  71 ( 20)
 83 --> 174 ( 27)
 83 --> 186 ( 34)
 84 --> 163 ( 25)
 85 -->  23 ( 23)
 86 -->  48 ( 21)
 87 -->  16 ( 19)
 88 --> 192 ( 27)
 89 --> 153 ( 25)
 90 -->  16 ( 45)
 90 -->  64 ( 11)
 90 -->  79 (  7)
 90 --> 172 ( 20)
 90 --> 179 ( 20)
 91 --> 123 ( 19)
 92 -->  52 ( 37)
 93 -->  11 ( 33)
 94 --> 178 ( 32)
 95 --> 136 ( 35)
 96 -->  28 ( 27)
 97 --> 175 ( 36)
 98 -->  40 ( 25)
 98 -->  92 ( 26)
 98 --> 174 (  9)
 99 -->  57 ( 12)
100 -->  94 ( 20)
101 -->  70 ( 21)
101 --> 139 ( 26)
101 --> 147 ( 17)
101 --> 174 ( 20)
102 --> 121 ( 33)
103 --> 164 ( 26)
104 --> 142 ( 41)
105 --> 180 ( 40)
106 -->  92 ( 25)
106 --> 145 ( 13)
106 --> 187 ( 18)
107 -->  49 ( 18)
108 -->  29 ( 21)
109 --> 167 ( 22)
110 -->  98 ( 25)
110 --> 147 ( 18)
110 --> 186 ( 25)
111 -->   8 ( 27)
112 -->  43 ( 27)
112 -->  52 ( 20)
112 --> 122 ( 20)
113 -->  38 ( 41)
114 -->  26 ( 26)
114 -->  97 ( 23)
114 --> 113 ( 10)
114 --> 159 (  9)
115 -->  70 ( 30)
115 -->  79 ( 32)
115 -->  83 ( 15)
115 --> 143 ( 34)
115 --> 156 ( 35)
116 --> 196 ( 30)
117 -->  53 ( 31)
118 -->  37 ( 24)
118 -->  71 ( 22)
118 --> 186 ( 23)
119 --> 102 ( 20)
120 --> 127 ( 21)
121 --> 165 ( 41)
122 -->  16 ( 31)
122 --> 145 ( 35)
123 -->  27 ( 38)
123 -->  62 ( 29)
123 --> 113 ( 24)
124 -->  37 ( 37)
125 --> 197 ( 28)
126 --> 180 ( 25)
127 -->  81 ( 13)
128 -->  86 ( 25)
129 -->   5 ( 37)
130 --> 150 ( 21)
131 --> 138 (  7)
132 --> 103 (  7)
133 -->  74 ( 18)
134 -->  65 ( 29)
135 --> 144 ( 24)
136 -->  99 ( 18)
137 --> 131 ( 18)
138 -->  17 ( 20)
139 --> 130 ( 28)
140 -->  47 ( 20)
141 -->  14 ( 17)
142 -->  72 ( 29)
143 -->  32 ( 19)
143 --> 160 ( 24)
143 --> 174 ( 17)
144 --> 188 ( 19)
145 -->  78 ( 18)
145 -->  83 ( 33)
145 -->  87 (  9)
145 --> 114 ( 16)
145 --> 118 ( 44)
145 --> 186 ( 29)
145 --> 193 ( 33)
146 --> 147 ( 26)
147 --> 134 ( 22)
147 --> 155 ( 20)
147 --> 179 ( 18)
147 --> 187 ( 13)
148 --> 106 ( 32)
149 --> 140 ( 16)
150 --> 195 ( 24)
151 -->  59 ( 41)
152 -->  10 ( 19)
153 -->  60 ( 28)
154 --> 199 ( 24)
155 -->  37 ( 32)
155 --> 122 ( 33)
155 --> 156 ( 23)
156 -->  75 ( 38)
156 -->  82 ( 22)
156 --> 143 ( 21)
156 --> 158 ( 19)
156 --> 160 ( 29)
156 --> 170 ( 29)
156 --> 180 ( 31)
156 --> 191 (  8)
157 -->  83 ( 14)
157 --> 193 ( 36)
158 -->  24 ( 24)
158 -->  27 ( 23)
158 -->  32 ( 26)
158 -->  69 ( 26)
158 --> 159 ( 31)
158 --> 193 ( 22)
159 -->  79 ( 29)
160 -->  36 ( 17)
160 -->  90 ( 39)
160 --> 114 ( 36)
160 --> 193 ( 30)
160 --> 198 ( 38)
161 --> 171 ( 32)
162 -->  77 ( 28)
163 -->  66 (  6)
164 --> 152 ( 21)
165 --> 135 ( 27)
166 --> 124 ( 23)
167 --> 177 ( 26)
168 -->  18 ( 37)
169 --> 114 ( 22)
170 -->  43 ( 23)
170 -->  71 ( 31)
171 --> 120 ( 16)
172 -->  37 ( 18)
172 -->  70 ( 32)
172 --> 159 (  8)
173 -->  55 ( 25)
174 -->  30 ( 37)
174 -->  69 ( 24)
174 -->  78 ( 37)
174 -->  90 ( 40)
174 --> 148 ( 34)
174 --> 158 ( 18)
174 --> 181 ( 34)
174 --> 183 ( 13)
175 -->  12 ( 20)
176 -->  24 ( 35)
176 -->  27 ( 31)
176 -->  32 ( 27)
176 -->  71 ( 19)
176 --> 115 ( 27)
176 --> 170 ( 39)
176 --> 186 (  7)
176 --> 198 ( 32)
177 -->  68 (  4)
178 --> 105 ( 27)
179 -->  37 ( 15)
179 -->  78 ( 37)
179 --> 122 ( 34)
179 --> 181 ( 36)
180 -->  16 ( 28)
180 -->  38 ( 20)
180 -->  88 ( 20)
180 -->  92 ( 24)
180 -->  96 ( 31)
180 --> 147 ( 23)
180 --> 170 ( 21)
180 --> 172 (  7)
181 --> 113 ( 10)
181 --> 147 ( 28)
181 --> 170 ( 17)
181 --> 176 ( 26)
182 -->   0 ( 28)
183 -->  78 ( 22)
183 --> 145 ( 27)
183 --> 155 ( 26)
183 --> 172 ( 28)
184 --> 169 ( 16)
185 --> 100 ( 33)
186 -->  36 ( 38)
186 -->  69 ( 28)
186 -->  76 ( 21)
186 --> 143 ( 15)
186 --> 180 ( 43)
187 -->  46 ( 36)
187 -->  69 ( 30)
187 --> 114 ( 14)
187 --> 122 ( 28)
187 --> 148 ( 13)
187 --> 158 (  4)
187 --> 159 ( 15)
188 --> 126 ( 29)
189 -->  67 (  7)
190 -->  45 ( 35)
191 -->  71 ( 29)
191 --> 114 ( 42)
191 --> 118 ( 23)
192 -->  73 ( 21)
193 -->  38 ( 32)
193 --> 176 ( 29)
194 -->  20 ( 30)
195 --> 194 ( 30)
196 -->  41 ( 34)
197 -->  63 ( 21)
198 -->  30 ( 20)
199 -->  31 ( 19)
