WEIGHTED DIGRAPH 184 364:
  0 -->  81 (  5)
  0 --> 105 ( 25)
  0 --> 112 ( 37)
  0 --> 151 ( 28)
  1 --> 158 ( 32)
  2 -->   9 ( 29)
  3 --> 170 ( 29)
  4 --> 110 ( 36)
  5 --> 114 ( 16)
  6 -->  62 ( 23)
  7 --> 164 ( 24)
  8 --> 106 ( 13)
  9 -->  33 ( 37)
 10 --> 101 ( 20)
 11 -->  25 ( 27)
 11 --> 100 ( 10)
 11 --> 112 ( 30)
 11 --> 119 ( 20)
 12 -->  64 ( 22)
 13 --> 157 ( 11)
 14 -->  98 ( 37)
 14 --> 120 ( 28)
 14 --> 163 ( 29)
 14 --> 165 ( 20)
 14 --> 182 ( 32)
 15 -->  42 ( 27)
 16 -->  58 ( 27)
 16 -->  65 ( 27)
 17 -->  23 ( 17)
 17 -->  25 ( 29)
 17 -->  79 ( 26)
 17 --> 169 ( 13)
 17 --> 181 ( 21)
 18 --> 133 ( 18)
 19 -->  34 ( 24)
 20 -->  70 ( 28)
 21 -->  84 ( 16)
 21 --> 105 ( 28)
 21 --> 125 ( 37)
 22 --> 148 ( 10)
 23 -->  11 ( 28)
 23 -->  89 ( 18)
 23 --> 137 ( 36)
 23 --> 182 ( 31)
 24 --> 138 ( 24)
 25 -->  21 ( 28)
 25 --> 109 ( 32)
 25 --> 143 ( 35)
 26 -->  23 ( 30)
 26 -->  35 ( 22)
 26 -->  70 ( 17)
 26 --> 182 ( 29)
 27 --> 166 ( 43)
 28 -->  30 ( 17)
 28 -->  49 ( 24)
 28 -->  69 ( 33)
 28 --> 109 ( 28)
 28 --> 126 ( 21)
 28 --> 143 ( 10)
 29 -->  85 ( 25)
 30 -->  21 ( 11)
 30 --> 183 ( 42)
 31 --> 175 ( 27)
 32 -->  88 ( 25)
 33 --> 143 ( 32)
 34 --> 103 ( 21)
 34 --> 116 ( 15)
 34 --> 183 ( 46)
 35 -->  49 ( 34)
 35 -->  63 ( 16)
 35 -->  66 ( 40)
 35 --> 126 (  9)
 35 --> 154 ( 35)
 36 --> 136 ( 21)
 37 --> 107 ( 11)
 38 -->  56 ( 42)
 39 --> 171 ( 26)
 40 -->  60 ( 38)
 41 -->  78 ( 39)
 42 -->  19 ( 27)
 43 -->  41 ( 44)
 44 --> 117 ( 29)
 45 --> 125 ( 35)
 45 --> 144 ( 18)
 45 --> 173 ( 40)
 46 -->  94 ( 19)
 47 -->  45 ( 25)
 47 -->  81 ( 27)
 47 -->  98 ( 20)
 47 --> 103 ( 22)
 48 -->  73 ( 20)
 49 -->   0 (  9)
 49 -->  11 ( 42)
 49 -->  47 ( 25)
 49 -->  79 ( 26)
 49 --> 169 ( 15)
 50 -->  35 ( 37)
 50 -->  65 ( 21)
 50 --> 130 ( 26)
 51 -->  27 ( 28)
 52 -->  43 ( 20)
 53 --> 129 ( 22)
 54 -->  20 ( 40)
 55 -->  31 ( 32)
 56 -->  12 ( 23)
 57 -->  93 ( 12)
 58 -->  26 ( 41)
 58 --> 140 ( 22)
 59 --> 131 ( 15)
 60 --> 176 ( 16)
 61 -->  68 ( 16)
 62 --> 142 ( 25)
 63 -->  45 ( 24)
 63 --> 100 ( 13)
 63 --> 159 ( 37)
 63 --> 169 ( 25)
 63 --> 180 ( 36)
 64 --> 165 ( 22)
 65 --> 154 ( 15)
 66 -->  86 (  7)
 67 -->  63 ( 39)
 67 -->  75 ( 33)
 67 --> 103 ( 22)
 67 --> 143 ( 10)
 68 --> 155 ( 21)
 69 -->  32 ( 22)
 70 -->  23 ( 25)
 70 -->  24 ( 34)
 70 -->  45 ( 19)
 70 -->  49 ( 33)
 70 -->  79 ( 32)
 70 --> 103 ( 10)
 71 --> 121 ( 12)
 72 -->  98 ( 37)
 72 --> 137 ( 29)
 72 --> 163 ( 25)
 73 --> 132 ( 23)
 74 -->   1 ( 35)
 75 -->  47 ( 27)
 75 --> 108 ( 27)
 75 --> 158 ( 31)
 76 -->  37 ( 36)
 77 -->  90 ( 40)
 78 --> 118 ( 27)
 79 --> 151 ( 26)
 80 -->  17 ( 36)
 80 -->  26 ( 20)
 80 -->  34 ( 33)
 80 -->  65 ( 21)
 80 -->  91 ( 30)
 81 -->  25 ( 29)
 81 --> 112 ( 44)
 81 --> 130 ( 25)
 81 --> 139 ( 19)
 81 --> 159 ( 14)
 82 --> 104 ( 28)
 83 -->   8 ( 21)
 84 -->  30 ( 40)
 84 -->  34 ( 29)
 84 -->  98 ( 30)
 84 --> 100 ( 29)
 84 --> 140 ( 18)
 85 --> 179 ( 19)
 86 -->  39 ( 20)
 87 --> 161 ( 32)
 88 --> 146 ( 26)
 89 -->  11 ( 22)
 89 -->  34 ( 27)
 89 --> 125 ( 24)
 90 -->   7 ( 14)
 91 -->  75 ( 31)
 91 -->  79 ( 27)
 91 -->  89 (  9)
 91 --> 100 ( 26)
 91 --> 158 ( 29)
 91 --> 183 ( 10)
 92 --> 111 ( 25)
 93 --> 152 ( 37)
 94 -->  10 ( 19)
 95 --> 167 ( 26)
 96 -->  55 ( 36)
 97 --> 135 ( 28)
 98 -->  16 ( 30)
 98 -->  34 ( 34)
 98 -->  45 ( 21)
 98 -->  91 ( 48)
 98 --> 139 ( 22)
 99 --> 124 ( 28)
100 -->  49 ( 33)
100 -->  58 (  9)
100 -->  81 ( 23)
100 -->  98 ( 30)
100 --> 105 ( 34)
100 --> 126 ( 16)
100 --> 151 (  6)
101 -->  53 ( 24)
102 --> 126 ( 13)
103 -->  21 ( 19)
103 -->  25 ( 24)
103 --> 112 ( 24)
103 --> 125 ( 27)
103 --> 158 ( 26)
103 --> 173 ( 24)
104 -->  92 ( 16)
105 -->  23 ( 20)
105 -->  35 ( 29)
105 -->  50 ( 28)
105 -->  67 ( 20)
105 --> 169 ( 26)
106 --> 127 ( 34)
107 -->   6 ( 19)
108 -->  21 ( 16)
108 -->  47 ( 22)
108 -->  63 ( 23)
108 -->  67 ( 28)
108 --> 125 ( 22)
108 --> 140 ( 27)
109 -->  17 ( 18)
109 -->  45 ( 14)
109 -->  65 ( 23)
109 -->  75 ( 33)
109 --> 158 ( 35)
110 -->  46 ( 32)
111 -->  77 ( 15)
112 -->  14 ( 25)
112 -->  16 ( 14)
112 --> 120 ( 28)
112 --> 154 ( 26)
113 -->  51 ( 24)
114 -->  59 ( 28)
115 -->  47 ( 25)
115 -->  84 ( 22)
116 -->  97 ( 18)
117 -->  99 ( 19)
118 -->   4 ( 15)
119 -->  82 ( 30)
120 -->  75 ( 20)
121 -->  61 ( 30)
122 -->  22 ( 11)
123 -->  38 ( 33)
124 --> 174 ( 11)
125 -->  11 ( 22)
125 -->  67 ( 33)
125 -->  75 ( 29)
125 --> 109 ( 28)
125 --> 126 ( 27)
125 --> 139 ( 33)
125 --> 169 ( 11)
126 -->  25 ( 24)
126 -->  83 ( 34)
126 --> 137 ( 34)
127 --> 160 ( 33)
128 -->  87 ( 30)
129 -->  71 ( 28)
131 --> 168 ( 26)
132 --> 141 ( 30)
133 -->  11 ( 30)
134 -->  36 ( 15)
135 --> 172 ( 30)
136 -->   5 ( 21)
137 -->  35 ( 14)
138 --> 123 ( 13)
139 -->  16 ( 15)
139 -->  21 ( 24)
139 --> 109 ( 14)
139 --> 159 ( 21)
139 --> 163 ( 28)
140 -->  16 ( 24)
141 --> 147 ( 43)
142 -->  15 ( 16)
143 -->  17 ( 38)
143 -->  79 ( 43)
143 -->  91 ( 12)
143 --> 100 ( 39)
143 --> 126 ( 23)
143 --> 165 ( 16)
143 --> 178 ( 25)
143 --> 182 ( 35)
144 -->  11 ( 26)
144 -->  49 ( 21)
144 --> 105 ( 31)
144 --> 125 ( 24)
145 --> 122 ( 20)
146 -->  95 ( 38)
147 --> 145 ( 30)
148 -->  13 ( 24)
149 -->  44 ( 30)
150 --> 149 ( 26)
151 -->  21 ( 33)
151 -->  47 ( 25)
151 -->  75 ( 30)
151 -->  91 ( 26)
152 -->  74 ( 23)
153 --> 134 ( 33)
154 -->  26 ( 20)
154 -->  80 ( 21)
154 -->  98 ( 22)
154 --> 100 ( 18)
154 --> 103 ( 15)
154 --> 143 ( 43)
155 -->   2 ( 18)
156 -->  54 ( 11)
157 --> 102 ( 20)
158 -->  70 ( 25)
158 -->  72 ( 33)
158 --> 151 ( 24)
158 --> 153 ( 34)
159 -->  11 ( 23)
159 -->  17 ( 23)
159 -->  89 ( 27)
159 --> 120 ( 26)
159 --> 154 ( 33)
159 --> 165 ( 30)
160 -->  18 ( 18)
161 -->  29 ( 37)
162 -->   0 ( 35)
162 -->  49 ( 22)
162 --> 115 ( 25)
162 --> 165 ( 12)
163 --> 103 ( 33)
163 --> 105 ( 32)
163 --> 130 ( 22)
164 -->  48 ( 22)
165 -->   0 ( 20)
165 -->   3 ( 23)
165 -->  65 ( 17)
165 --> 100 ( 33)
165 --> 112 ( 34)
166 --> 156 ( 17)
167 -->  57 ( 41)
168 -->  28 ( 26)
169 --> 120 ( 24)
169 --> 163 ( 36)
170 -->  96 ( 24)
171 --> 177 ( 30)
172 --> 150 ( 34)
173 -->  14 ( 24)
173 -->  49 ( 16)
173 -->  52 ( 28)
173 -->  58 ( 13)
173 --> 112 ( 22)
173 --> 139 ( 36)
174 -->  35 ( 10)
175 --> 113 ( 24)
176 -->  76 ( 24)
177 -->  40 ( 21)
178 --> 128 ( 18)
179 --> 173 ( 23)
180 -->  21 ( 26)
180 -->  50 ( 15)
180 -->  65 ( 33)
180 --> 139 ( 38)
180 --> 144 ( 17)
180 --> 183 ( 25)
181 -->  11 ( 24)
181 --> 139 ( 24)
182 -->  28 ( 24)
182 -->  65 ( 27)
182 --> 108 ( 16)
182 --> 159 ( 17)
183 -->  21 ( 29)
183 -->  49 ( 21)
183 --> 108 ( 12)
183 --> 130 ( 30)
