WEIGHTED DIGRAPH 184 364:
  0 --> 111 (  8)
  1 -->  50 ( 20)
  2 -->  83 ( 27)
  3 --> 162 ( 32)
  4 -->  11 ( 27)
  4 -->  32 ( 13)
  4 -->  59 ( 20)
  4 --> 104 ( 30)
  4 --> 150 ( 16)
  5 -->  96 ( 34)
  5 --> 112 ( 24)
  6 -->  11 ( 26)
  6 -->  31 ( 30)
  6 --> 160 ( 25)
  7 -->  88 ( 24)
  8 -->  30 ( 11)
  9 -->  77 ( 36)
  9 -->  92 ( 37)
  9 -->  95 ( 15)
  9 -->  97 ( 25)
  9 --> 154 ( 30)
 10 --> 128 ( 28)
 11 -->  33 (  8)
 11 --> 150 ( 26)
 12 -->   5 ( 27)
 12 -->  32 ( 12)
 12 -->  36 ( 41)
 12 -->  74 ( 25)
 12 -->  89 ( 19)
 12 --> 114 ( 12)
 12 --> 127 ( 24)
 13 -->  31 ( 24)
 13 -->  76 ( 41)
 13 --> 154 ( 34)
 13 --> 179 ( 18)
 14 -->  12 ( 20)
 15 -->  93 ( 22)
 15 -->  96 ( 35)
 15 --> 108 ( 24)
 15 --> 141 ( 10)
 15 --> 156 ( 18)
 15 --> 171 ( 44)
 16 --> 167 ( 32)
 17 --> 129 ( 20)
 18 -->  73 ( 43)
 19 --> 142 ( 27)
 20 -->  24 ( 29)
 21 -->   7 ( 22)
 22 -->  42 ( 35)
 22 -->  79 ( 38)
 22 -->  92 ( 29)
 22 -->  97 ( 27)
 22 --> 139 ( 17)
 23 -->  15 ( 24)
 23 -->  31 ( 25)
 23 -->  32 ( 22)
 23 --> 180 ( 34)
 24 -->  44 ( 31)
 25 -->   6 ( 31)
 25 -->  53 ( 22)
 25 -->  95 ( 18)
 25 --> 104 ( 19)
 25 --> 161 ( 18)
 26 --> 131 ( 12)
 27 --> 114 ( 17)
 28 -->  78 ( 29)
 29 -->  81 ( 18)
 30 --> 164 ( 33)
 31 -->  52 ( 24)
 31 -->  55 ( 26)
 31 -->  79 ( 20)
 31 --> 118 ( 22)
 32 -->  13 ( 35)
 32 -->  52 ( 28)
 32 -->  97 ( 36)
 33 -->  12 ( 29)
 33 -->  15 ( 21)
 33 -->  49 ( 38)
 33 --> 135 ( 20)
 33 --> 156 ( 21)
 33 --> 183 ( 30)
 34 -->  52 ( 33)
 34 -->  79 ( 15)
 34 --> 135 ( 19)
 34 --> 141 ( 15)
 35 --> 149 ( 37)
 36 --> 113 (  8)
 37 -->  18 ( 29)
 38 --> 145 ( 18)
 39 -->   4 ( 31)
 39 -->  52 ( 30)
 39 --> 150 ( 33)
 39 --> 177 ( 13)
 40 -->  86 ( 24)
 41 -->  71 ( 23)
 42 -->  13 ( 24)
 43 --> 121 ( 22)
 44 --> 119 ( 13)
 45 -->  38 ( 17)
 46 -->  82 ( 37)
 47 --> 140 ( 37)
 48 --> 146 ( 32)
 49 -->  12 ( 19)
 49 -->  76 ( 30)
 49 --> 127 ( 23)
 49 --> 177 ( 34)
 50 -->  68 ( 25)
 51 --> 134 ( 31)
 52 -->  74 ( 15)
 52 -->  97 ( 17)
 52 --> 154 ( 47)
 52 --> 180 ( 18)
 53 -->  29 ( 28)
 55 -->  33 ( 18)
 55 -->  52 ( 23)
 55 -->  92 ( 27)
 55 --> 135 ( 21)
 55 --> 161 ( 12)
 55 --> 174 (  8)
 56 -->  35 ( 14)
 58 -->  99 ( 23)
 59 -->  12 ( 25)
 59 -->  42 ( 38)
 59 -->  55 ( 31)
 59 -->  79 ( 18)
 59 -->  89 ( 28)
 59 --> 117 (  8)
 59 --> 154 ( 22)
 59 --> 176 ( 22)
 59 --> 178 ( 34)
 60 -->  41 ( 28)
 61 --> 148 ( 25)
 62 -->  92 ( 30)
 63 --> 181 ( 28)
 64 --> 169 ( 19)
 65 --> 137 ( 33)
 66 --> 157 ( 31)
 67 -->  92 ( 12)
 68 -->  90 ( 17)
 69 -->   8 ( 19)
 70 -->  75 ( 18)
 71 --> 133 ( 22)
 72 -->  40 ( 21)
 73 -->  94 ( 22)
 74 -->   9 ( 30)
 74 -->  13 ( 34)
 74 -->  39 ( 21)
 74 --> 118 ( 19)
 74 --> 127 ( 15)
 74 --> 150 (  7)
 74 --> 156 ( 40)
 75 --> 107 ( 25)
 76 -->   4 ( 23)
 76 -->  79 ( 18)
 76 --> 150 ( 24)
 76 --> 171 ( 10)
 76 --> 175 ( 20)
 77 --> 112 ( 20)
 77 --> 154 ( 31)
 78 -->  66 ( 16)
 79 -->  15 ( 14)
 79 -->  32 ( 26)
 79 -->  57 ( 31)
 79 --> 112 ( 29)
 79 --> 165 ( 25)
 79 --> 183 ( 46)
 80 --> 102 ( 37)
 81 -->   2 ( 39)
 82 --> 143 ( 29)
 83 -->  80 ( 34)
 84 --> 105 ( 32)
 85 --> 132 ( 27)
 86 --> 125 ( 41)
 87 -->  48 ( 30)
 88 --> 147 ( 25)
 89 -->  55 ( 23)
 89 -->  79 ( 23)
 90 --> 101 ( 31)
 91 --> 109 ( 45)
 92 -->   0 (  8)
 92 -->  58 ( 31)
 92 -->  95 ( 30)
 92 --> 114 ( 30)
 92 --> 127 ( 35)
 92 --> 180 ( 39)
 93 -->  55 ( 34)
 93 -->  57 ( 38)
 93 --> 118 ( 16)
 93 --> 161 ( 13)
 94 --> 122 ( 47)
 95 -->  11 ( 30)
 96 -->  12 ( 22)
 96 -->  52 ( 26)
 96 --> 150 ( 19)
 97 -->  55 ( 26)
 97 -->  79 ( 30)
 97 --> 178 ( 28)
 97 --> 179 ( 20)
 98 -->  60 ( 29)
 99 --> 124 ( 28)
100 --> 170 ( 27)
101 --> 159 ( 22)
102 --> 173 ( 37)
103 -->  65 ( 22)
104 -->  13 ( 20)
104 -->  52 (  6)
104 -->  89 ( 31)
104 --> 177 ( 32)
104 --> 183 ( 13)
105 --> 153 (  7)
106 --> 163 ( 26)
107 -->  51 ( 17)
108 -->  57 ( 25)
108 -->  59 ( 19)
108 -->  95 ( 27)
108 --> 179 ( 26)
109 --> 152 ( 16)
110 --> 138 ( 24)
111 -->  21 ( 24)
112 -->  52 ( 25)
112 --> 154 ( 40)
112 --> 160 ( 10)
112 --> 170 ( 15)
113 --> 110 ( 17)
114 -->   1 ( 19)
114 -->  95 ( 14)
114 -->  96 ( 35)
114 --> 117 ( 18)
115 -->  67 ( 22)
116 --> 115 ( 24)
117 -->  52 ( 30)
117 --> 161 ( 19)
118 -->  42 ( 39)
118 -->  96 ( 24)
118 --> 114 ( 18)
118 --> 156 ( 33)
119 --> 136 ( 13)
120 -->  61 ( 25)
121 -->  56 (  7)
122 --> 141 ( 15)
123 --> 166 ( 34)
124 --> 182 ( 25)
125 -->  47 ( 31)
126 -->  16 ( 17)
127 -->  22 ( 24)
127 -->  31 (  6)
127 -->  33 ( 17)
127 -->  52 ( 25)
127 --> 177 ( 21)
128 -->  84 ( 22)
129 -->   3 ( 27)
130 --> 116 ( 27)
131 -->  25 ( 29)
132 -->  91 ( 26)
133 --> 123 ( 29)
134 -->  98 ( 29)
135 -->   5 ( 12)
135 -->  22 ( 20)
135 --> 104 ( 14)
135 --> 127 ( 28)
136 -->  27 ( 26)
137 --> 172 ( 22)
138 -->  62 ( 28)
139 -->   4 ( 30)
139 -->   6 ( 38)
139 --> 112 ( 39)
139 --> 161 ( 29)
140 -->  28 ( 24)
141 -->  12 ( 29)
141 -->  13 ( 15)
141 -->  70 ( 26)
141 -->  79 ( 22)
141 --> 108 ( 20)
141 --> 117 ( 38)
141 --> 171 ( 25)
141 --> 178 ( 30)
141 --> 179 ( 19)
142 --> 120 ( 26)
143 -->  14 (  8)
144 --> 183 ( 12)
145 --> 130 ( 19)
146 -->  26 ( 21)
147 -->  19 ( 28)
148 -->  46 ( 15)
149 --> 183 ( 24)
150 -->   9 ( 27)
150 -->  57 ( 41)
150 --> 176 ( 38)
151 --> 106 ( 32)
152 --> 158 ( 26)
153 -->  45 ( 17)
154 -->  34 ( 20)
154 -->  55 ( 21)
154 --> 108 ( 37)
155 -->  22 ( 29)
155 -->  32 ( 36)
155 -->  39 ( 27)
155 -->  95 ( 31)
155 --> 165 ( 22)
155 --> 168 ( 31)
156 -->  31 ( 32)
156 -->  42 ( 27)
156 --> 170 ( 25)
157 -->  37 ( 24)
158 -->  87 ( 28)
159 --> 103 (  9)
160 -->  13 ( 17)
160 -->  22 ( 32)
160 -->  23 ( 22)
161 -->   4 ( 17)
161 -->  13 ( 29)
162 --> 151 ( 47)
163 -->  10 ( 10)
164 --> 144 ( 26)
165 -->  39 ( 34)
165 -->  49 ( 27)
165 -->  54 ( 23)
166 -->  43 ( 29)
167 --> 155 ( 18)
168 -->  20 ( 12)
169 --> 100 ( 13)
170 -->  49 ( 27)
170 -->  54 ( 22)
170 -->  59 ( 27)
170 -->  63 ( 34)
170 -->  74 ( 20)
170 --> 135 ( 24)
170 --> 179 ( 16)
171 -->  31 ( 22)
171 --> 156 ( 31)
172 --> 126 ( 39)
173 -->  69 ( 29)
174 -->   6 ( 17)
174 --> 104 ( 18)
174 --> 160 ( 34)
174 --> 161 ( 38)
174 --> 165 ( 17)
174 --> 175 (  6)
174 --> 178 ( 18)
175 -->  25 ( 26)
176 -->   4 ( 12)
176 -->  52 ( 23)
176 -->  54 ( 38)
176 --> 155 ( 36)
176 --> 171 ( 22)
177 --> 154 ( 34)
177 --> 160 ( 23)
177 --> 161 ( 25)
177 --> 165 ( 28)
177 --> 170 ( 17)
178 -->  31 ( 11)
178 -->  32 ( 12)
178 --> 176 ( 31)
179 -->  55 ( 19)
179 -->  76 ( 21)
179 -->  96 ( 19)
179 --> 156 (  9)
180 -->  33 ( 30)
180 --> 117 ( 27)
181 -->  17 ( 21)
182 -->  64 ( 22)
183 -->  32 ( 23)
183 -->  72 ( 21)
183 -->  85 ( 23)
