WEIGHTED DIGRAPH 194 374:
  0 --> 105 ( 18)
  1 -->  31 ( 28)
  1 -->  50 ( 42)
  1 -->  67 ( 25)
  1 -->  82 ( 29)
  1 --> 116 ( 26)
  1 --> 163 ( 21)
  2 -->  76 (  9)
  3 -->   7 ( 12)
  4 -->  36 ( 26)
  4 -->  45 ( 40)
  4 --> 164 ( 11)
  5 -->  56 ( 37)
  6 -->  67 ( 21)
  7 --> 165 ( 23)
  8 -->  81 ( 23)
  9 -->  14 ( 37)
 10 -->  29 ( 17)
 11 -->  90 ( 28)
 12 --> 170 ( 31)
 13 --> 125 ( 27)
 14 --> 109 ( 37)
 15 --> 175 ( 25)
 16 --> 101 ( 33)
 17 --> 171 ( 22)
 18 --> 122 ( 33)
 19 -->  10 ( 27)
 20 -->  49 ( 25)
 21 -->  62 ( 27)
 21 -->  67 ( 20)
 21 -->  71 ( 14)
 21 -->  82 ( 22)
 21 -->  84 ( 31)
 21 --> 153 ( 43)
 21 --> 164 ( 16)
 21 --> 187 ( 22)
 22 -->  26 ( 48)
 22 --> 190 ( 25)
 23 -->   4 ( 28)
 23 -->  60 ( 28)
 23 -->  93 ( 23)
 23 --> 100 ( 26)
 23 --> 135 ( 27)
 23 --> 159 ( 21)
 23 --> 163 ( 33)
 24 -->  60 ( 21)
 24 --> 153 ( 32)
 26 -->  93 ( 25)
 27 --> 118 ( 28)
 28 -->  87 ( 40)
 29 --> 168 ( 47)
 30 -->  70 ( 18)
 31 -->  19 ( 24)
 31 -->  24 ( 27)
 31 -->  67 (  7)
 31 --> 150 ( 32)
 31 --> 156 ( 24)
 31 --> 164 ( 34)
 32 -->  21 ( 13)
 32 -->  48 ( 34)
 33 -->  47 ( 15)
 34 --> 132 ( 28)
 35 -->  72 ( 30)
 36 -->   8 ( 15)
 36 --> 120 ( 31)
 36 --> 164 ( 18)
 37 --> 115 ( 28)
 38 -->   5 ( 36)
 39 --> 189 ( 43)
 40 -->  85 ( 16)
 41 -->  44 ( 37)
 42 -->  20 ( 24)
 43 --> 183 ( 41)
 44 -->  54 ( 18)
 45 -->  22 ( 37)
 45 -->  24 ( 26)
 45 -->  50 ( 22)
 45 -->  69 ( 31)
 45 -->  91 ( 17)
 45 --> 100 ( 17)
 45 --> 169 ( 13)
 46 -->   2 ( 11)
 47 --> 191 ( 36)
 48 -->  68 ( 26)
 48 --> 156 ( 23)
 48 --> 190 ( 14)
 49 --> 114 ( 22)
 50 -->  32 ( 24)
 50 --> 100 ( 18)
 50 --> 160 ( 28)
 51 --> 154 ( 12)
 52 -->   6 ( 36)
 52 -->  36 ( 22)
 52 -->  58 ( 25)
 52 -->  84 ( 32)
 52 -->  93 ( 22)
 52 --> 156 ( 22)
 52 --> 163 ( 21)
 53 -->  82 ( 12)
 53 --> 154 ( 20)
 53 --> 164 ( 34)
 53 --> 188 ( 23)
 54 --> 157 ( 39)
 55 -->  59 ( 33)
 56 --> 108 ( 39)
 57 --> 145 ( 23)
 58 --> 135 (  8)
 58 --> 142 ( 33)
 58 --> 164 ( 25)
 59 -->  51 ( 27)
 60 --> 144 ( 42)
 60 --> 192 ( 21)
 61 --> 185 ( 30)
 62 -->  52 ( 18)
 62 -->  60 ( 18)
 64 -->   1 ( 31)
 64 -->  48 ( 24)
 64 --> 140 ( 43)
 64 --> 153 ( 28)
 64 --> 169 ( 11)
 65 --> 128 ( 45)
 66 --> 155 ( 25)
 67 -->  58 ( 23)
 67 -->  63 ( 26)
 67 -->  79 ( 21)
 67 -->  93 ( 38)
 67 --> 114 ( 19)
 67 --> 140 ( 32)
 67 --> 146 ( 12)
 67 --> 149 ( 31)
 68 -->   4 ( 30)
 68 --> 144 ( 17)
 68 --> 156 ( 28)
 68 --> 160 ( 24)
 69 -->  25 ( 26)
 69 -->  33 ( 16)
 69 --> 100 ( 33)
 69 --> 141 (  9)
 69 --> 142 ( 17)
 69 --> 160 ( 25)
 70 --> 131 ( 36)
 71 -->  93 ( 27)
 71 --> 114 ( 16)
 71 --> 141 ( 36)
 71 --> 159 ( 31)
 71 --> 169 ( 28)
 71 --> 190 ( 28)
 72 --> 117 ( 36)
 73 --> 134 ( 22)
 74 -->  92 ( 23)
 75 --> 167 ( 28)
 76 --> 174 ( 25)
 77 -->  38 ( 22)
 78 -->  73 ( 24)
 79 -->  52 ( 22)
 79 -->  53 ( 23)
 79 -->  68 ( 26)
 79 -->  71 ( 26)
 79 --> 161 ( 17)
 80 --> 137 ( 33)
 81 -->  77 ( 22)
 82 -->  22 ( 37)
 82 -->  25 ( 36)
 82 -->  69 ( 11)
 82 --> 119 ( 40)
 82 --> 142 ( 17)
 83 --> 162 ( 17)
 84 -->  68 ( 33)
 84 --> 160 ( 33)
 85 --> 127 ( 39)
 86 --> 104 ( 26)
 87 --> 113 ( 20)
 88 -->  15 ( 35)
 89 --> 139 ( 20)
 90 --> 106 ( 29)
 91 --> 143 (  8)
 92 -->  31 ( 12)
 93 -->  24 ( 33)
 93 -->  84 ( 15)
 93 --> 100 ( 21)
 93 --> 169 ( 16)
 93 --> 181 ( 14)
 94 --> 123 ( 39)
 95 -->  13 ( 18)
 96 -->  97 ( 22)
 97 -->  83 (  9)
 98 --> 102 ( 24)
 99 --> 180 ( 34)
100 -->  25 ( 20)
100 -->  68 ( 31)
100 --> 116 ( 36)
100 --> 160 ( 25)
100 --> 187 ( 41)
101 --> 153 ( 39)
102 --> 107 ( 11)
103 -->  61 ( 22)
104 -->  36 ( 15)
105 -->   9 ( 33)
106 --> 166 ( 18)
107 -->  39 ( 26)
108 -->  11 ( 18)
109 --> 177 ( 26)
110 -->  80 ( 19)
111 -->  57 ( 41)
112 -->   3 ( 15)
113 -->  98 ( 25)
114 -->   6 ( 25)
114 -->  36 ( 17)
114 -->  68 ( 32)
114 -->  99 ( 24)
114 --> 150 ( 40)
114 --> 154 ( 37)
115 -->  95 ( 25)
116 -->   6 ( 29)
116 -->  23 ( 39)
116 -->  48 ( 36)
116 -->  69 ( 38)
116 --> 134 ( 23)
116 --> 181 ( 26)
117 --> 173 ( 22)
118 --> 188 ( 36)
119 -->  32 ( 23)
119 -->  45 ( 24)
119 -->  79 ( 18)
119 --> 146 ( 16)
119 --> 154 ( 18)
120 -->  68 ( 34)
121 -->  42 ( 25)
122 -->  78 ( 10)
123 -->  89 ( 34)
124 -->  17 ( 20)
125 --> 141 ( 27)
126 -->  69 ( 18)
127 --> 179 ( 35)
128 -->  88 ( 19)
129 -->   0 ( 40)
130 -->  65 ( 37)
131 --> 148 ( 37)
132 --> 121 ( 26)
133 --> 152 (  8)
134 -->   6 ( 16)
134 -->  48 ( 17)
134 -->  62 ( 28)
134 -->  63 ( 34)
134 --> 114 ( 22)
134 --> 124 ( 26)
134 --> 146 ( 18)
134 --> 188 ( 20)
135 -->  25 ( 25)
135 -->  60 ( 14)
135 --> 119 ( 15)
135 --> 150 ( 22)
135 --> 159 ( 35)
135 --> 190 ( 26)
136 --> 110 ( 31)
137 --> 129 ( 20)
138 -->  46 (  9)
139 --> 130 ( 33)
140 -->  50 ( 32)
141 -->  28 ( 31)
141 -->  60 ( 20)
142 -->  32 ( 31)
142 -->  62 ( 34)
142 -->  67 ( 14)
142 -->  93 ( 25)
142 --> 141 ( 12)
143 -->  66 ( 18)
144 -->  50 ( 27)
144 --> 116 ( 28)
144 --> 142 ( 32)
145 -->  45 ( 15)
146 -->  25 ( 11)
146 -->  32 ( 25)
146 --> 100 ( 26)
146 --> 187 ( 27)
147 -->  40 ( 36)
148 --> 182 (  6)
149 -->  24 ( 37)
150 -->  68 ( 28)
150 -->  69 (  9)
150 --> 116 ( 10)
150 --> 140 ( 31)
150 --> 142 ( 27)
150 --> 159 ( 30)
150 --> 169 ( 37)
151 --> 186 ( 23)
152 -->  35 ( 15)
153 -->   4 ( 15)
153 -->   6 ( 18)
153 -->  12 ( 22)
153 -->  22 ( 30)
153 -->  45 ( 28)
153 -->  62 ( 25)
153 -->  69 ( 18)
153 -->  82 ( 15)
153 --> 154 ( 22)
153 --> 184 ( 26)
154 -->   1 ( 26)
154 -->  96 ( 43)
154 --> 141 ( 32)
154 --> 192 ( 29)
155 -->  34 ( 13)
156 -->  79 ( 28)
156 --> 116 ( 19)
156 --> 120 ( 12)
156 --> 160 ( 47)
157 --> 112 ( 12)
158 --> 193 (  9)
159 --> 164 ( 27)
160 -->   1 ( 25)
160 -->  36 (  9)
160 -->  48 ( 25)
160 -->  53 ( 26)
160 -->  60 ( 14)
160 --> 192 ( 27)
161 -->  50 ( 43)
161 --> 119 ( 38)
162 -->  86 ( 35)
163 -->  24 ( 36)
163 -->  82 ( 30)
163 --> 142 ( 14)
163 --> 156 ( 24)
163 --> 164 ( 14)
164 -->  32 ( 34)
164 --> 134 ( 12)
164 --> 140 ( 30)
165 -->  18 ( 23)
166 --> 133 ( 25)
167 --> 176 ( 30)
168 -->  41 ( 24)
169 -->   6 ( 26)
169 -->  82 ( 20)
169 --> 164 ( 38)
170 --> 136 ( 20)
171 --> 147 ( 33)
172 -->  37 ( 36)
173 -->  55 ( 15)
174 -->  43 ( 24)
175 -->  16 ( 28)
176 --> 172 ( 32)
177 --> 126 ( 20)
178 -->  48 ( 30)
178 -->  62 ( 32)
179 -->  74 ( 25)
180 -->  30 ( 27)
181 --> 120 ( 16)
181 --> 153 ( 33)
181 --> 160 ( 23)
181 --> 192 ( 31)
182 --> 158 ( 27)
183 --> 151 ( 30)
184 -->  52 ( 11)
184 --> 187 ( 37)
185 -->  75 ( 31)
186 -->  94 ( 22)
187 -->  25 ( 42)
187 -->  71 ( 12)
187 --> 119 ( 12)
187 --> 149 ( 22)
188 -->   6 ( 13)
188 -->  26 ( 25)
188 --> 103 ( 30)
188 --> 114 ( 15)
188 --> 135 ( 16)
188 --> 141 ( 29)
188 --> 142 ( 14)
189 -->  27 ( 36)
190 -->  32 ( 30)
190 -->  36 ( 18)
190 --> 146 ( 24)
190 --> 192 ( 29)
191 --> 138 ( 19)
192 -->  52 ( 32)
193 --> 111 ( 21)
