WEIGHTED DIGRAPH 188 368:
  0 -->  43 ( 21)
  1 -->  10 ( 38)
  1 -->  11 ( 19)
  1 -->  13 ( 29)
  1 -->  93 ( 27)
  1 --> 139 ( 30)
  1 --> 173 ( 27)
  2 --> 133 ( 26)
  3 --> 122 ( 15)
  4 -->  20 ( 37)
  5 --> 152 ( 28)
  6 --> 100 ( 19)
  7 -->  37 ( 11)
  7 --> 121 ( 22)
  7 --> 144 ( 14)
  7 --> 162 ( 16)
  8 -->  14 ( 35)
  9 -->  42 ( 26)
 10 -->  72 ( 31)
 10 --> 112 ( 18)
 10 --> 162 ( 17)
 11 -->  58 (  7)
 11 -->  82 ( 25)
 11 --> 149 (  5)
 11 --> 158 ( 40)
 12 --> 139 ( 19)
 13 -->  16 ( 19)
 13 --> 112 ( 18)
 13 --> 159 ( 29)
 14 --> 128 ( 22)
 15 -->  12 ( 28)
 15 -->  13 ( 17)
 15 -->  53 ( 42)
 15 -->  76 ( 13)
 15 -->  99 ( 15)
 15 --> 149 ( 40)
 15 --> 158 ( 31)
 16 -->   1 ( 13)
 16 -->  11 ( 27)
 16 -->  15 ( 16)
 16 -->  44 ( 18)
 16 -->  86 ( 13)
 16 --> 119 ( 34)
 16 --> 139 ( 20)
 16 --> 158 ( 25)
 17 --> 123 ( 36)
 18 --> 101 (  8)
 19 -->  47 (  4)
 20 -->  57 ( 30)
 21 --> 172 ( 31)
 22 -->  78 (  5)
 23 -->  12 ( 20)
 23 -->  15 ( 24)
 23 --> 102 ( 38)
 23 --> 132 ( 26)
 23 --> 139 ( 19)
 23 --> 167 ( 19)
 24 -->  66 ( 22)
 25 -->  33 ( 28)
 25 -->  79 ( 20)
 25 --> 139 ( 17)
 25 --> 140 ( 30)
 25 --> 159 ( 36)
 26 -->  48 ( 17)
 27 -->  87 ( 26)
 28 --> 135 ( 30)
 29 -->  22 ( 14)
 30 -->  92 ( 21)
 31 -->  54 ( 18)
 32 -->  26 ( 28)
 33 -->  59 ( 21)
 33 --> 113 ( 21)
 34 --> 129 ( 24)
 35 -->  72 ( 32)
 36 --> 147 ( 25)
 37 -->  72 ( 24)
 37 --> 110 ( 17)
 37 --> 132 ( 25)
 37 --> 138 ( 27)
 37 --> 175 ( 27)
 38 -->   7 ( 19)
 38 -->  15 ( 38)
 38 -->  24 ( 32)
 38 -->  75 ( 30)
 38 -->  82 ( 22)
 38 --> 107 ( 22)
 38 --> 132 ( 33)
 38 --> 174 ( 14)
 39 --> 111 ( 23)
 39 --> 143 ( 11)
 39 --> 154 ( 18)
 40 --> 150 ( 31)
 41 -->  97 ( 16)
 42 -->  31 ( 25)
 43 -->  41 ( 24)
 44 -->  11 (  9)
 45 --> 108 ( 33)
 46 --> 157 ( 23)
 47 -->  77 (  5)
 48 -->  89 ( 13)
 49 -->  61 ( 25)
 50 -->   2 ( 22)
 51 -->  30 ( 39)
 52 --> 134 ( 22)
 53 -->  36 ( 25)
 53 -->  76 ( 32)
 53 --> 156 ( 26)
 54 -->  13 ( 37)
 54 -->  64 ( 17)
 54 --> 102 ( 24)
 54 --> 138 ( 28)
 54 --> 175 ( 24)
 55 --> 184 ( 21)
 56 --> 185 ( 23)
 57 -->  38 ( 36)
 58 -->  16 ( 27)
 58 -->  72 ( 21)
 58 --> 138 ( 11)
 58 --> 143 ( 33)
 58 --> 173 ( 14)
 58 --> 175 ( 26)
 59 -->   7 ( 28)
 59 -->  39 ( 29)
 59 -->  76 ( 36)
 59 --> 144 ( 12)
 59 --> 171 ( 17)
 60 -->  90 ( 35)
 61 --> 163 ( 14)
 62 -->  91 ( 14)
 63 --> 130 ( 11)
 64 -->  98 ( 17)
 65 -->  76 ( 25)
 66 --> 155 ( 14)
 67 -->  76 ( 15)
 67 -->  93 ( 37)
 67 --> 110 ( 25)
 67 --> 121 ( 37)
 67 --> 138 ( 22)
 67 --> 162 ( 28)
 67 --> 174 ( 23)
 68 --> 168 ( 20)
 69 -->   8 ( 26)
 70 -->  68 ( 23)
 71 -->  53 ( 24)
 72 -->  34 ( 30)
 72 -->  67 (  9)
 72 --> 132 ( 42)
 72 --> 138 ( 33)
 72 --> 158 ( 28)
 73 --> 118 ( 25)
 74 --> 119 ( 26)
 75 --> 117 ( 24)
 76 --> 112 ( 36)
 76 --> 136 ( 39)
 76 --> 156 ( 28)
 77 --> 124 ( 34)
 78 -->  52 ( 20)
 79 -->  39 ( 10)
 79 -->  88 ( 26)
 79 --> 140 ( 29)
 79 --> 143 ( 27)
 79 --> 144 ( 17)
 79 --> 158 ( 45)
 79 --> 164 ( 40)
 80 -->  13 ( 22)
 80 -->  33 ( 41)
 80 -->  37 ( 28)
 80 -->  54 ( 26)
 80 --> 103 ( 21)
 80 --> 138 ( 23)
 81 --> 104 ( 28)
 82 -->  54 ( 41)
 82 --> 103 ( 26)
 83 --> 161 ( 35)
 84 -->  81 ( 11)
 85 -->  35 ( 32)
 86 -->  88 ( 30)
 86 --> 138 ( 27)
 86 --> 162 ( 33)
 87 -->  59 (  8)
 88 -->  11 (  9)
 88 -->  15 ( 11)
 88 -->  93 ( 24)
 88 --> 102 ( 28)
 88 --> 107 ( 24)
 88 --> 138 ( 31)
 88 --> 143 ( 14)
 88 --> 162 ( 17)
 89 --> 181 ( 32)
 90 -->  56 ( 35)
 91 -->  17 ( 17)
 92 --> 153 ( 22)
 93 -->  15 ( 17)
 93 -->  54 ( 23)
 93 --> 111 ( 36)
 93 --> 144 ( 17)
 94 -->  70 ( 37)
 95 -->  29 ( 21)
 96 --> 179 ( 18)
 97 -->   4 ( 17)
 98 -->  46 ( 36)
 99 -->  13 ( 30)
 99 -->  37 ( 33)
100 --> 109 ( 22)
101 -->  55 ( 34)
102 -->   1 ( 30)
102 -->  12 ( 39)
102 -->  37 ( 22)
102 --> 119 ( 32)
102 --> 136 ( 29)
102 --> 143 ( 28)
102 --> 154 ( 35)
103 -->  10 ( 27)
103 -->  67 (  8)
103 --> 105 ( 10)
103 --> 111 ( 21)
103 --> 149 ( 22)
104 --> 148 ( 28)
105 -->  88 ( 48)
105 --> 167 ( 28)
106 --> 187 ( 26)
107 --> 150 ( 34)
108 --> 169 ( 20)
109 -->  71 ( 20)
110 -->  15 ( 27)
110 -->  23 (  8)
110 -->  95 ( 33)
110 --> 111 (  6)
110 --> 156 ( 17)
111 -->  25 ( 17)
111 -->  37 ( 16)
111 -->  59 ( 17)
111 --> 113 ( 10)
112 -->   1 ( 35)
112 -->   7 ( 35)
112 --> 154 ( 11)
113 -->  13 ( 14)
113 -->  37 ( 27)
113 -->  54 ( 24)
113 -->  99 ( 19)
113 --> 121 ( 12)
114 --> 115 ( 15)
115 -->   3 ( 29)
116 -->  32 ( 24)
117 --> 125 ( 39)
118 --> 177 ( 12)
119 -->  12 ( 29)
119 -->  67 ( 43)
119 -->  88 ( 18)
119 -->  99 ( 33)
119 --> 111 ( 16)
119 --> 120 ( 17)
119 --> 136 ( 10)
119 --> 140 ( 37)
120 --> 180 ( 28)
121 -->  23 ( 36)
121 -->  53 ( 35)
121 -->  54 ( 15)
121 -->  86 ( 29)
122 -->  73 ( 42)
123 --> 183 ( 15)
124 -->   9 ( 26)
125 -->  27 ( 27)
126 --> 145 ( 43)
127 -->  38 ( 24)
128 --> 166 ( 24)
129 -->  96 ( 43)
130 -->  49 ( 20)
131 -->   6 ( 13)
132 --> 102 ( 20)
132 --> 149 ( 24)
133 -->  18 ( 23)
134 --> 178 ( 32)
135 -->  74 ( 17)
136 -->  25 ( 29)
137 -->   5 ( 40)
138 -->  11 ( 16)
138 -->  13 ( 19)
138 --> 113 ( 17)
139 -->  38 (  5)
139 -->  82 ( 12)
140 -->  13 ( 15)
140 -->  33 ( 21)
140 --> 111 ( 18)
140 --> 113 ( 16)
140 --> 150 ( 41)
140 --> 167 ( 30)
141 -->  60 ( 11)
142 -->  50 ( 13)
143 --> 139 ( 32)
143 --> 146 ( 23)
143 --> 158 ( 32)
144 -->  72 ( 24)
144 -->  83 ( 17)
144 --> 110 ( 31)
145 --> 116 ( 32)
146 -->  93 ( 37)
146 --> 111 ( 22)
146 --> 149 ( 19)
146 --> 174 ( 16)
147 -->  21 ( 24)
148 --> 127 ( 21)
149 -->  23 ( 44)
150 --> 103 ( 24)
150 --> 110 ( 32)
150 --> 149 ( 27)
150 --> 182 ( 29)
151 -->  94 ( 29)
152 --> 144 ( 27)
153 -->  19 ( 26)
154 -->   1 ( 29)
154 -->  33 ( 18)
154 -->  88 ( 34)
155 --> 176 ( 17)
156 -->  80 ( 10)
156 --> 138 ( 19)
156 --> 143 ( 23)
157 -->  40 ( 29)
158 -->  76 ( 19)
158 -->  93 ( 26)
159 -->  12 ( 31)
159 -->  23 ( 25)
159 -->  82 ( 30)
159 --> 103 ( 22)
160 --> 165 ( 34)
161 --> 126 ( 27)
162 --> 103 ( 43)
163 -->  85 ( 45)
164 -->  54 ( 12)
164 -->  93 ( 27)
164 --> 159 ( 27)
164 --> 162 ( 26)
165 -->  69 ( 22)
166 --> 131 ( 38)
167 -->  86 ( 28)
167 --> 103 ( 29)
167 --> 110 ( 25)
168 --> 110 ( 27)
169 -->  84 ( 41)
170 --> 186 ( 16)
171 --> 170 ( 14)
172 --> 142 ( 19)
173 -->  11 ( 27)
173 -->  12 ( 20)
173 -->  44 ( 10)
173 -->  93 ( 38)
173 -->  99 ( 37)
173 --> 156 ( 32)
174 -->   1 ( 39)
174 -->   7 ( 29)
174 -->  39 ( 16)
174 --> 110 ( 27)
174 --> 149 ( 11)
174 --> 150 ( 19)
174 --> 167 ( 19)
175 --> 112 ( 25)
176 --> 141 ( 28)
177 -->  51 ( 23)
178 --> 160 ( 31)
179 -->   0 ( 19)
180 --> 137 ( 27)
181 --> 106 ( 37)
182 --> 114 ( 32)
183 -->  63 ( 10)
184 --> 151 ( 26)
185 -->  62 ( 25)
186 -->  45 ( 18)
187 -->  28 ( 20)
