WEIGHTED DIGRAPH 228 408:
  0 -->  24 ( 13)
  1 --> 178 ( 38)
  2 -->  11 ( 15)
  2 -->  32 ( 20)
  2 -->  63 ( 33)
  2 -->  80 ( 21)
  2 -->  83 ( 24)
  3 --> 134 ( 15)
  4 -->  53 ( 29)
  5 --> 222 ( 34)
  6 -->  35 ( 28)
  7 -->  48 ( 33)
  8 --> 113 ( 38)
  9 --> 140 ( 15)
 10 -->   6 ( 18)
 11 -->  14 ( 32)
 11 -->  86 (  9)
 11 -->  96 ( 10)
 11 --> 184 ( 23)
 11 --> 209 ( 19)
 11 --> 226 ( 43)
 12 --> 205 ( 16)
 13 --> 193 ( 27)
 14 -->  34 ( 25)
 14 -->  40 ( 38)
 14 --> 121 ( 23)
 15 -->   8 ( 24)
 16 --> 112 ( 42)
 17 -->  99 ( 24)
 18 --> 160 ( 24)
 19 --> 197 ( 40)
 20 -->  50 ( 29)
 21 -->  71 ( 14)
 21 -->  75 ( 24)
 21 -->  80 ( 26)
 21 -->  82 ( 31)
 21 -->  86 ( 28)
 22 -->  18 ( 33)
 23 --> 129 (  9)
 24 --> 114 ( 32)
 25 -->  21 ( 24)
 25 -->  65 ( 26)
 25 -->  71 ( 28)
 25 -->  82 ( 34)
 25 -->  86 ( 39)
 25 -->  90 ( 19)
 25 --> 118 (  8)
 25 --> 227 ( 12)
 26 -->  66 ( 39)
 26 -->  78 ( 27)
 26 --> 122 ( 21)
 26 --> 135 ( 29)
 26 --> 138 ( 16)
 26 --> 141 ( 32)
 26 --> 227 ( 30)
 27 --> 155 ( 17)
 28 -->  63 ( 33)
 29 -->  78 ( 35)
 30 -->  26 ( 19)
 30 --> 108 ( 23)
 30 --> 181 ( 47)
 31 -->  94 ( 36)
 32 -->  11 ( 24)
 32 -->  71 ( 13)
 32 -->  86 ( 22)
 32 --> 199 ( 18)
 32 --> 220 ( 27)
 32 --> 226 ( 49)
 33 -->   4 ( 28)
 34 --> 111 ( 44)
 35 --> 156 ( 35)
 36 --> 158 ( 13)
 37 --> 217 ( 37)
 38 -->  10 ( 18)
 39 --> 146 ( 26)
 40 -->  25 ( 28)
 40 -->  26 ( 19)
 40 -->  34 ( 32)
 40 -->  78 ( 30)
 40 -->  82 ( 20)
 40 --> 199 ( 15)
 40 --> 202 ( 37)
 41 --> 100 ( 32)
 42 -->  88 ( 38)
 43 --> 126 ( 19)
 44 -->  79 ( 15)
 45 -->  96 ( 30)
 45 --> 226 ( 34)
 46 --> 152 ( 25)
 47 --> 109 ( 35)
 48 -->   2 ( 23)
 49 --> 171 ( 29)
 50 -->  28 ( 23)
 51 --> 203 ( 43)
 52 --> 183 ( 19)
 53 --> 128 ( 18)
 54 -->  89 ( 26)
 55 --> 176 ( 24)
 56 --> 195 ( 22)
 57 -->  30 ( 22)
 57 -->  66 ( 31)
 57 --> 104 ( 26)
 57 --> 105 ( 29)
 57 --> 107 ( 26)
 58 --> 119 (  4)
 59 -->  19 ( 22)
 60 -->  68 ( 43)
 61 --> 212 ( 33)
 62 -->  30 ( 31)
 62 -->  45 ( 27)
 62 --> 144 ( 19)
 63 -->   5 ( 19)
 63 -->  78 ( 16)
 64 -->  62 ( 29)
 65 -->  11 ( 35)
 66 -->   2 ( 22)
 66 -->  21 ( 19)
 66 -->  62 ( 31)
 66 --> 181 ( 22)
 67 -->  62 ( 17)
 67 --> 141 ( 41)
 67 --> 196 ( 28)
 68 --> 208 ( 14)
 69 --> 162 ( 17)
 70 --> 167 ( 45)
 71 -->  40 ( 17)
 71 -->  67 ( 32)
 71 --> 105 ( 12)
 71 --> 121 ( 36)
 72 --> 207 ( 28)
 73 --> 175 ( 29)
 74 -->  38 ( 37)
 75 -->  65 ( 10)
 75 -->  71 ( 21)
 75 -->  82 ( 34)
 76 --> 142 ( 41)
 77 --> 214 ( 29)
 78 -->  30 ( 28)
 78 -->  45 ( 22)
 78 -->  65 ( 42)
 78 -->  70 ( 30)
 78 -->  71 ( 23)
 78 --> 108 ( 14)
 78 --> 173 ( 30)
 79 -->  95 ( 18)
 80 -->  11 ( 21)
 80 -->  25 ( 30)
 80 -->  66 ( 27)
 80 --> 138 ( 17)
 81 --> 157 ( 12)
 82 --> 108 ( 38)
 82 --> 141 ( 40)
 83 --> 150 ( 35)
 84 -->   1 ( 23)
 85 -->  27 ( 29)
 86 -->  67 ( 29)
 87 -->   9 ( 37)
 88 -->  59 ( 29)
 89 --> 210 ( 30)
 90 -->  21 ( 25)
 90 -->  62 ( 10)
 90 --> 226 ( 36)
 91 -->  69 ( 32)
 92 --> 188 ( 15)
 93 -->  60 ( 29)
 94 -->  54 ( 20)
 95 -->   7 ( 27)
 96 -->  63 ( 26)
 96 --> 120 ( 36)
 97 --> 116 ( 22)
 98 -->  81 ( 17)
 99 -->  20 ( 31)
100 --> 133 ( 15)
101 --> 153 ( 23)
102 -->  32 ( 18)
103 -->  14 ( 16)
103 --> 141 ( 27)
103 --> 176 ( 42)
103 --> 199 ( 35)
104 --> 169 ( 23)
105 -->  80 ( 31)
105 --> 124 ( 19)
105 --> 132 ( 30)
105 --> 227 ( 18)
106 -->  13 ( 24)
107 -->  82 ( 34)
107 --> 108 ( 13)
107 --> 111 ( 42)
107 --> 192 ( 28)
108 -->  62 (  6)
108 --> 138 ( 25)
108 --> 199 ( 14)
109 --> 148 ( 27)
110 -->  67 ( 29)
110 --> 108 ( 14)
110 --> 132 ( 27)
110 --> 196 ( 21)
111 -->  32 ( 21)
111 --> 110 ( 10)
111 --> 181 ( 27)
112 --> 101 ( 34)
113 -->  12 ( 20)
114 --> 213 ( 17)
115 -->  39 ( 25)
116 -->  55 ( 17)
117 --> 221 ( 32)
118 -->  32 ( 40)
118 -->  65 ( 25)
118 -->  90 ( 23)
118 --> 126 ( 15)
118 --> 196 (  8)
118 --> 219 ( 22)
119 -->  46 ( 29)
120 -->  25 ( 28)
120 -->  45 ( 17)
120 -->  63 ( 29)
120 --> 137 ( 24)
120 --> 192 ( 38)
121 -->  30 ( 31)
121 --> 216 (  6)
122 -->  96 ( 16)
122 --> 110 ( 10)
122 --> 111 ( 20)
122 --> 135 ( 28)
122 --> 226 ( 31)
123 -->  11 ( 21)
123 -->  32 ( 32)
123 --> 161 ( 15)
123 --> 181 ( 34)
123 --> 185 ( 41)
123 --> 226 ( 11)
124 --> 120 ( 34)
124 --> 192 ( 19)
124 --> 196 ( 43)
124 --> 226 ( 18)
125 --> 106 ( 20)
126 -->  32 ( 44)
126 -->  75 ( 43)
126 --> 105 ( 19)
126 --> 125 ( 31)
126 --> 151 ( 23)
127 -->  33 ( 13)
128 --> 165 ( 41)
129 --> 130 ( 25)
130 --> 117 ( 19)
131 -->   0 ( 28)
132 --> 199 ( 32)
133 --> 187 ( 15)
134 -->  49 ( 18)
135 -->  14 ( 27)
135 -->  30 ( 34)
135 --> 110 ( 21)
135 --> 132 ( 27)
135 --> 181 ( 22)
136 -->  87 ( 34)
137 --> 190 ( 33)
138 -->  62 ( 29)
138 -->  71 ( 37)
138 -->  78 (  7)
138 --> 107 ( 34)
138 --> 226 ( 26)
139 --> 206 ( 41)
140 --> 191 ( 32)
141 -->  34 ( 24)
141 -->  40 ( 35)
141 --> 107 ( 24)
141 --> 199 ( 22)
142 --> 166 ( 20)
143 --> 201 ( 32)
144 -->  77 ( 22)
145 --> 159 ( 23)
146 -->  52 ( 44)
147 -->  43 ( 25)
148 -->  31 ( 28)
149 -->  47 ( 22)
150 -->  84 ( 29)
151 -->  75 ( 42)
151 --> 138 ( 28)
152 --> 154 ( 22)
153 -->  36 ( 15)
154 -->  44 ( 19)
155 -->  57 ( 25)
156 -->  85 ( 18)
157 -->  92 ( 39)
158 --> 131 ( 30)
159 --> 180 ( 12)
160 -->  72 ( 16)
161 -->  98 ( 23)
162 --> 164 ( 41)
163 -->  29 ( 24)
164 --> 149 ( 33)
165 -->   3 ( 24)
166 --> 182 ( 16)
167 --> 139 ( 22)
168 --> 200 ( 43)
169 --> 143 ( 30)
170 --> 123 ( 27)
171 --> 215 ( 32)
172 --> 115 ( 20)
173 -->  26 ( 35)
173 --> 141 ( 28)
173 --> 202 ( 34)
174 --> 102 ( 37)
175 --> 179 ( 33)
176 -->  71 ( 26)
176 -->  80 ( 25)
176 --> 107 ( 22)
176 --> 111 ( 26)
176 --> 120 ( 21)
176 --> 122 ( 26)
176 --> 145 ( 20)
177 -->  61 ( 12)
178 --> 204 ( 28)
179 -->  17 ( 32)
180 --> 177 ( 19)
181 -->  21 ( 21)
181 --> 184 ( 24)
182 --> 120 ( 29)
183 -->  64 ( 37)
184 -->  67 ( 20)
184 -->  71 ( 41)
184 -->  75 ( 24)
184 -->  82 ( 35)
184 -->  96 ( 30)
184 --> 103 ( 28)
184 --> 108 ( 15)
184 --> 219 ( 19)
184 --> 224 ( 30)
184 --> 226 ( 16)
185 -->  63 ( 23)
185 --> 111 ( 26)
185 --> 132 ( 14)
185 --> 192 ( 12)
185 --> 199 ( 27)
186 --> 170 ( 34)
187 -->  51 ( 23)
188 -->  56 ( 19)
189 -->  22 ( 15)
190 --> 223 ( 21)
191 --> 163 ( 35)
192 -->  14 ( 19)
192 -->  26 ( 13)
192 --> 110 (  5)
192 --> 118 ( 23)
193 -->  16 ( 28)
194 -->  76 ( 33)
195 --> 198 ( 31)
196 -->  75 ( 11)
196 -->  96 ( 22)
196 --> 105 ( 24)
196 --> 141 ( 26)
196 --> 176 ( 25)
196 --> 227 ( 39)
197 --> 225 ( 25)
198 -->  37 ( 38)
199 -->  26 ( 27)
199 -->  71 ( 12)
199 --> 126 ( 43)
199 --> 138 ( 22)
199 --> 209 ( 16)
199 --> 216 ( 29)
200 --> 172 ( 31)
201 --> 168 ( 21)
202 -->  25 ( 19)
202 -->  57 ( 33)
202 -->  86 ( 36)
202 --> 103 ( 43)
202 --> 108 ( 21)
202 --> 227 ( 35)
203 -->  42 ( 40)
204 --> 136 ( 29)
205 --> 189 ( 12)
206 -->  23 ( 26)
207 -->  74 ( 32)
208 -->  41 ( 25)
209 -->  25 ( 32)
209 -->  78 ( 21)
209 --> 185 ( 23)
210 --> 147 ( 17)
211 -->  32 ( 30)
211 --> 173 ( 32)
212 --> 194 ( 15)
213 -->  73 ( 19)
214 -->  15 ( 29)
215 -->  97 ( 35)
216 -->  11 ( 21)
216 --> 123 ( 29)
216 --> 173 ( 25)
217 --> 174 ( 15)
218 -->   2 ( 34)
218 -->  78 ( 23)
218 --> 121 ( 25)
218 --> 122 ( 21)
218 --> 124 ( 27)
218 --> 138 ( 21)
218 --> 199 ( 29)
218 --> 219 ( 17)
219 -->  34 ( 33)
219 --> 141 ( 44)
220 -->  93 ( 32)
221 -->  58 ( 27)
222 -->  91 ( 25)
223 --> 127 ( 10)
224 --> 216 ( 42)
225 --> 186 ( 32)
226 -->  66 ( 19)
226 --> 120 ( 16)
227 -->  45 ( 26)
