WEIGHTED DIGRAPH 220 400:
  0 -->  65 ( 24)
  1 --> 166 ( 17)
  2 -->  88 ( 31)
  3 -->  71 ( 22)
  4 -->  25 ( 28)
  5 -->  33 ( 23)
  6 -->  31 ( 38)
  6 -->  93 ( 27)
  6 --> 176 ( 22)
  7 -->  81 ( 16)
  8 -->  91 ( 22)
  9 -->  50 ( 23)
  9 --> 136 ( 27)
 10 --> 216 ( 26)
 11 -->  79 ( 23)
 11 --> 135 ( 28)
 11 --> 143 ( 16)
 11 --> 176 ( 26)
 12 -->  86 ( 30)
 13 --> 137 ( 26)
 14 -->  31 ( 19)
 15 --> 130 ( 28)
 16 --> 181 ( 33)
 17 -->  85 ( 20)
 17 --> 111 ( 24)
 17 --> 140 ( 26)
 17 --> 143 ( 18)
 17 --> 160 ( 18)
 17 --> 187 ( 29)
 18 --> 100 ( 30)
 19 -->  24 ( 24)
 19 --> 136 ( 37)
 20 --> 120 ( 28)
 21 --> 106 ( 19)
 22 -->  84 ( 23)
 23 -->  39 ( 10)
 24 -->  52 ( 28)
 24 -->  55 ( 26)
 24 --> 140 ( 23)
 24 --> 143 ( 19)
 24 --> 179 ( 32)
 24 --> 213 ( 11)
 25 -->  53 ( 16)
 26 -->   6 ( 19)
 26 -->  28 ( 43)
 26 --> 100 ( 30)
 27 -->  78 ( 16)
 28 -->  19 ( 22)
 28 -->  50 (  6)
 28 -->  89 ( 22)
 28 --> 140 ( 19)
 28 --> 187 ( 27)
 28 --> 189 ( 15)
 29 --> 126 ( 30)
 30 --> 185 ( 39)
 31 -->  79 ( 22)
 31 -->  85 ( 19)
 31 -->  93 ( 30)
 31 --> 111 ( 38)
 31 --> 194 ( 26)
 32 -->  35 ( 35)
 33 -->  67 ( 12)
 34 -->  59 ( 30)
 35 -->  55 ( 24)
 35 -->  57 ( 35)
 35 -->  96 ( 17)
 35 --> 129 ( 27)
 35 --> 214 ( 29)
 36 -->   9 ( 17)
 36 -->  55 ( 22)
 36 -->  99 ( 34)
 36 --> 136 ( 32)
 36 --> 153 ( 42)
 36 --> 176 ( 34)
 37 --> 196 ( 26)
 38 --> 207 ( 21)
 39 -->  56 ( 31)
 40 --> 152 ( 32)
 41 --> 182 ( 31)
 42 --> 100 ( 29)
 43 --> 218 ( 33)
 44 --> 186 ( 28)
 45 --> 172 ( 29)
 46 -->  64 ( 26)
 47 -->  76 ( 30)
 48 --> 135 ( 42)
 48 --> 213 ( 27)
 49 -->  62 ( 19)
 50 --> 129 ( 29)
 50 --> 136 ( 23)
 50 --> 140 ( 24)
 50 --> 191 ( 16)
 50 --> 202 ( 18)
 51 --> 139 ( 27)
 52 -->  19 ( 26)
 52 -->  79 ( 17)
 52 --> 173 ( 26)
 53 -->  38 ( 16)
 54 --> 155 ( 40)
 55 -->  31 ( 24)
 55 -->  52 ( 14)
 55 --> 129 ( 20)
 55 --> 159 ( 20)
 55 --> 160 ( 32)
 56 --> 211 ( 35)
 57 -->   9 ( 27)
 57 -->  11 ( 17)
 57 --> 174 ( 15)
 57 --> 191 ( 26)
 58 -->   2 ( 34)
 59 --> 127 ( 43)
 60 --> 171 ( 22)
 61 -->   3 ( 28)
 62 --> 193 ( 32)
 63 --> 160 ( 22)
 64 --> 219 ( 37)
 65 --> 112 ( 27)
 66 --> 208 ( 18)
 67 --> 175 ( 25)
 68 -->  20 ( 25)
 69 --> 149 ( 32)
 70 -->  61 ( 19)
 71 --> 150 ( 25)
 72 --> 151 ( 17)
 73 --> 108 ( 25)
 74 -->  87 ( 22)
 75 --> 162 ( 28)
 76 --> 178 ( 39)
 77 -->  19 ( 23)
 77 --> 163 ( 17)
 77 --> 204 ( 21)
 78 --> 118 ( 23)
 79 -->  40 ( 34)
 79 --> 135 ( 34)
 79 --> 140 ( 19)
 79 --> 174 (  7)
 80 --> 199 ( 25)
 81 -->  83 ( 33)
 82 --> 109 ( 26)
 82 --> 174 ( 18)
 83 -->   5 (  9)
 84 -->  44 ( 31)
 85 -->  57 ( 18)
 85 -->  77 ( 27)
 85 --> 129 ( 26)
 85 --> 163 ( 24)
 86 -->  80 ( 37)
 87 -->  60 ( 23)
 88 --> 201 ( 26)
 89 --> 146 ( 41)
 89 --> 173 ( 24)
 90 -->   8 ( 27)
 91 --> 147 (  9)
 92 --> 154 ( 29)
 93 -->  57 ( 24)
 94 --> 203 ( 18)
 95 -->  70 ( 24)
 96 -->  94 ( 13)
 97 --> 210 ( 12)
 98 --> 131 ( 27)
 99 -->  35 ( 41)
 99 -->  85 ( 35)
 99 --> 176 ( 18)
 99 --> 187 ( 16)
100 -->  23 ( 31)
100 --> 135 ( 36)
100 --> 183 ( 31)
100 --> 193 ( 21)
101 --> 177 ( 21)
102 --> 180 (  3)
103 --> 148 ( 24)
104 -->  79 ( 20)
105 --> 169 ( 17)
106 -->  90 ( 10)
107 --> 128 ( 25)
108 --> 116 ( 23)
109 -->  19 ( 19)
109 -->  55 ( 40)
109 --> 100 ( 48)
109 --> 140 ( 28)
109 --> 173 ( 29)
109 --> 206 ( 14)
110 --> 144 ( 21)
111 --> 129 ( 21)
111 --> 169 ( 24)
111 --> 176 ( 37)
112 --> 117 ( 24)
113 -->  73 ( 34)
114 -->  51 ( 16)
115 -->  19 (  6)
115 -->  31 ( 20)
115 -->  36 ( 17)
115 --> 168 ( 32)
115 --> 214 ( 31)
116 -->  32 ( 35)
117 -->  92 ( 38)
118 --> 121 ( 29)
119 --> 200 ( 25)
120 --> 173 ( 19)
121 --> 160 ( 27)
122 -->   1 ( 25)
123 --> 129 ( 31)
123 --> 153 ( 34)
123 --> 188 ( 25)
123 --> 202 ( 20)
124 --> 119 ( 16)
125 -->  47 ( 39)
126 --> 134 ( 24)
127 -->  15 ( 34)
128 -->  66 ( 25)
129 -->  17 ( 20)
129 --> 140 ( 17)
129 --> 161 ( 27)
129 --> 169 ( 27)
130 --> 125 ( 16)
131 -->  69 ( 18)
132 --> 107 ( 42)
133 --> 156 ( 20)
134 -->  58 ( 35)
135 -->  19 ( 20)
135 -->  93 ( 35)
135 --> 153 ( 32)
135 --> 206 ( 19)
136 -->  26 ( 24)
136 -->  85 ( 29)
136 --> 135 ( 24)
136 --> 160 ( 39)
136 --> 161 ( 29)
137 --> 114 ( 32)
138 --> 212 ( 11)
139 -->   0 ( 21)
140 -->   9 ( 11)
140 -->  57 ( 19)
140 --> 135 ( 21)
140 --> 146 ( 17)
141 --> 138 ( 36)
142 -->  46 ( 23)
143 --> 163 ( 31)
144 -->  43 ( 14)
145 -->  97 ( 21)
146 -->   9 ( 17)
146 -->  31 ( 22)
146 --> 143 ( 22)
146 --> 204 ( 37)
146 --> 213 ( 30)
147 -->  13 ( 22)
148 --> 142 ( 31)
149 -->  16 ( 10)
150 -->  30 ( 13)
151 --> 184 ( 30)
152 -->  75 ( 25)
153 -->  19 (  7)
153 -->  31 ( 39)
153 -->  50 ( 24)
154 --> 174 ( 20)
155 -->  14 ( 20)
156 -->  42 ( 13)
157 -->  98 ( 11)
158 -->  31 (  7)
158 -->  82 ( 14)
158 -->  85 ( 22)
158 --> 100 ( 19)
159 -->  17 ( 27)
159 -->  93 ( 29)
159 --> 109 ( 23)
159 --> 111 ( 24)
159 --> 143 ( 25)
159 --> 160 ( 40)
160 -->  37 ( 14)
160 -->  99 ( 19)
160 --> 163 ( 23)
160 --> 170 ( 28)
162 -->  45 ( 34)
163 -->  82 ( 26)
163 --> 202 ( 16)
164 -->  21 ( 34)
165 -->  74 ( 29)
166 --> 141 ( 29)
167 -->  17 ( 41)
167 -->  79 ( 21)
167 -->  99 ( 21)
167 --> 174 ( 25)
167 --> 190 ( 39)
167 --> 206 ( 13)
168 -->   9 ( 32)
168 -->  36 ( 19)
168 --> 153 ( 17)
169 -->  36 ( 36)
169 --> 191 ( 39)
169 --> 214 ( 26)
170 --> 110 ( 31)
171 --> 132 ( 25)
172 --> 102 ( 23)
173 -->  77 ( 27)
173 --> 157 ( 18)
173 --> 161 ( 26)
174 -->  52 ( 24)
174 -->  85 ( 32)
174 --> 101 ( 22)
174 --> 176 ( 35)
174 --> 197 ( 12)
175 --> 215 ( 22)
176 -->  26 ( 38)
176 -->  31 ( 35)
176 -->  52 ( 14)
176 --> 100 ( 23)
176 --> 123 ( 30)
176 --> 161 ( 26)
176 --> 187 ( 31)
176 --> 188 ( 32)
177 -->  41 ( 23)
178 -->  54 ( 20)
179 --> 176 ( 44)
179 --> 193 ( 20)
180 -->  12 ( 12)
181 --> 198 ( 23)
182 -->  72 ( 38)
183 --> 164 ( 26)
184 -->  29 ( 42)
185 --> 145 ( 35)
186 --> 124 ( 43)
187 --> 100 ( 25)
187 --> 161 ( 35)
187 --> 163 ( 23)
188 -->  35 ( 23)
188 -->  48 ( 18)
188 -->  77 ( 30)
188 --> 167 ( 33)
189 --> 111 ( 26)
189 --> 136 ( 39)
190 -->  24 ( 40)
190 -->  26 (  4)
190 -->  79 ( 31)
190 --> 160 ( 31)
190 --> 188 ( 19)
190 --> 197 ( 22)
191 --> 109 ( 20)
191 --> 135 ( 25)
191 --> 160 ( 24)
192 --> 165 (  8)
193 -->  19 ( 13)
193 -->  35 ( 35)
193 -->  50 ( 22)
193 -->  89 ( 21)
193 -->  95 ( 16)
193 --> 146 ( 31)
193 --> 188 ( 32)
194 -->   4 ( 27)
195 --> 192 ( 22)
196 -->  10 ( 39)
197 -->  99 ( 17)
197 --> 109 ( 19)
197 --> 163 ( 21)
197 --> 169 ( 28)
198 -->  18 ( 23)
199 --> 113 ( 13)
200 --> 104 ( 22)
201 --> 133 ( 21)
202 -->   6 ( 30)
202 -->  79 ( 18)
202 --> 174 ( 34)
202 --> 176 ( 37)
202 --> 188 ( 21)
202 --> 190 ( 28)
202 --> 213 ( 25)
203 -->  22 ( 37)
204 -->  11 ( 28)
204 -->  17 ( 26)
204 -->  26 ( 23)
204 -->  57 (  7)
204 --> 109 ( 36)
204 --> 169 ( 33)
205 -->  27 ( 36)
206 -->  35 ( 23)
206 -->  50 ( 30)
206 -->  57 ( 29)
206 -->  93 ( 39)
206 --> 159 ( 19)
206 --> 161 ( 24)
207 --> 205 ( 30)
208 -->  68 ( 20)
209 --> 122 ( 27)
210 --> 209 ( 19)
211 --> 195 ( 16)
212 -->  63 ( 13)
213 -->  19 ( 33)
213 --> 100 ( 38)
213 --> 153 ( 33)
213 --> 197 ( 22)
214 -->   6 ( 22)
214 -->  19 ( 24)
214 -->  31 ( 32)
214 --> 140 ( 21)
214 --> 160 ( 46)
214 --> 167 ( 39)
215 --> 103 ( 21)
216 -->   7 ( 10)
217 -->  49 ( 34)
218 -->  34 ( 29)
219 --> 217 ( 17)
