WEIGHTED DIGRAPH 196 376:
  0 --> 127 ( 16)
  1 -->  36 ( 27)
  2 -->  30 ( 23)
  3 -->  45 ( 30)
  3 -->  52 ( 16)
  3 --> 143 ( 25)
  4 -->  54 ( 23)
  5 -->  64 ( 17)
  6 -->  48 ( 33)
  6 --> 106 ( 10)
  6 --> 160 ( 11)
  6 --> 182 ( 24)
  7 -->  60 ( 25)
  8 --> 134 ( 31)
  9 -->  66 ( 27)
 10 --> 118 ( 26)
 10 --> 124 ( 27)
 10 --> 149 ( 44)
 11 -->  23 ( 18)
 11 --> 105 ( 18)
 12 -->  21 ( 16)
 13 -->  18 ( 18)
 13 -->  78 ( 24)
 13 --> 167 ( 19)
 13 --> 177 ( 37)
 14 --> 101 ( 20)
 15 -->  22 ( 35)
 16 --> 131 ( 30)
 17 -->  11 ( 23)
 17 -->  66 ( 17)
 18 -->  45 ( 33)
 18 -->  59 ( 27)
 18 -->  97 ( 45)
 18 --> 157 ( 23)
 19 --> 114 (  9)
 19 --> 123 ( 41)
 19 --> 172 ( 12)
 20 --> 159 ( 30)
 21 --> 126 ( 33)
 22 --> 108 ( 22)
 23 -->   2 ( 28)
 23 -->  17 ( 38)
 23 -->  48 ( 46)
 23 -->  78 ( 35)
 23 -->  94 ( 33)
 23 -->  97 ( 17)
 24 --> 166 ( 27)
 25 -->  53 ( 33)
 26 -->  89 ( 26)
 27 -->  93 ( 25)
 28 --> 169 (  8)
 29 -->  81 ( 17)
 30 -->  11 ( 42)
 30 -->  40 ( 36)
 30 -->  66 ( 20)
 30 --> 114 ( 41)
 30 --> 123 ( 29)
 30 --> 132 ( 17)
 31 -->  94 ( 21)
 31 --> 182 ( 20)
 32 -->  49 ( 26)
 33 -->  25 ( 43)
 34 --> 171 ( 22)
 35 -->  65 ( 29)
 36 --> 179 ( 16)
 37 --> 190 ( 27)
 38 -->  92 ( 11)
 39 --> 101 ( 24)
 39 --> 114 ( 26)
 39 --> 194 ( 20)
 40 -->  48 ( 12)
 41 --> 185 ( 30)
 42 -->  78 ( 24)
 43 --> 100 ( 21)
 44 -->  24 ( 28)
 45 -->  48 ( 19)
 45 -->  50 ( 37)
 45 --> 149 ( 28)
 45 --> 167 ( 25)
 46 -->  34 ( 16)
 47 --> 130 ( 32)
 48 -->  74 ( 11)
 48 -->  94 ( 22)
 48 --> 115 ( 28)
 48 --> 132 ( 24)
 48 --> 192 ( 23)
 49 -->  12 ( 33)
 50 -->  59 ( 19)
 50 -->  80 ( 19)
 50 --> 117 ( 15)
 50 --> 167 ( 25)
 50 --> 182 ( 11)
 51 -->  55 ( 40)
 52 -->  13 ( 36)
 52 -->  60 ( 32)
 52 -->  83 ( 25)
 52 -->  85 ( 26)
 52 -->  86 ( 35)
 52 --> 154 ( 34)
 52 --> 155 ( 19)
 53 -->  56 ( 21)
 54 -->  52 ( 29)
 55 -->   8 ( 21)
 56 -->   9 ( 30)
 57 -->   3 ( 39)
 57 --> 155 ( 25)
 58 --> 191 ( 29)
 59 -->   6 ( 27)
 59 -->  83 ( 24)
 59 --> 110 ( 31)
 59 --> 115 ( 12)
 59 --> 155 ( 42)
 59 --> 192 ( 16)
 60 -->  15 ( 34)
 60 -->  74 ( 35)
 60 -->  78 ( 36)
 60 -->  97 ( 24)
 60 --> 154 ( 24)
 60 --> 186 ( 25)
 61 --> 162 ( 29)
 62 --> 181 ( 21)
 63 --> 146 ( 27)
 64 --> 164 ( 37)
 65 --> 184 ( 29)
 66 -->  13 ( 17)
 66 -->  83 ( 32)
 66 --> 124 ( 21)
 66 --> 178 ( 30)
 67 -->  47 ( 17)
 68 -->  58 ( 20)
 69 -->  44 ( 31)
 70 -->  17 ( 24)
 70 -->  60 ( 40)
 71 -->  51 ( 39)
 72 --> 189 ( 32)
 73 --> 133 ( 17)
 74 -->  30 ( 37)
 74 -->  94 ( 23)
 74 --> 151 ( 18)
 74 --> 154 ( 17)
 74 --> 160 (  7)
 75 -->   7 ( 29)
 76 -->  88 ( 17)
 77 --> 150 ( 26)
 78 -->  10 ( 23)
 78 -->  71 ( 14)
 78 -->  83 ( 19)
 78 --> 139 ( 14)
 79 -->  61 ( 30)
 80 --> 145 ( 20)
 81 -->  79 ( 23)
 82 --> 112 ( 20)
 83 -->  13 ( 27)
 83 --> 132 ( 16)
 83 --> 139 ( 32)
 83 --> 176 ( 21)
 84 -->  16 ( 28)
 85 -->   1 ( 26)
 86 -->   3 ( 36)
 86 -->  23 ( 18)
 86 -->  66 ( 18)
 86 --> 110 ( 21)
 86 --> 123 ( 13)
 86 --> 142 ( 29)
 86 --> 172 ( 31)
 87 -->  42 ( 26)
 88 --> 103 ( 18)
 89 --> 120 ( 28)
 90 --> 109 ( 20)
 91 -->   6 ( 31)
 91 -->  13 ( 20)
 91 -->  17 ( 34)
 91 -->  83 ( 32)
 91 -->  95 ( 27)
 91 --> 117 ( 35)
 91 --> 123 ( 39)
 91 --> 157 ( 18)
 91 --> 176 (  8)
 92 --> 140 ( 30)
 93 -->  69 ( 34)
 94 -->   3 ( 19)
 94 -->  39 ( 25)
 94 -->  57 ( 36)
 94 --> 123 ( 22)
 94 --> 139 ( 30)
 95 -->  13 ( 23)
 95 -->  48 ( 18)
 95 --> 183 ( 15)
 96 --> 107 ( 19)
 97 -->   2 ( 24)
 97 -->  50 ( 28)
 97 -->  52 ( 22)
 97 --> 103 ( 25)
 97 --> 143 (  7)
 98 -->  96 ( 26)
 99 --> 165 ( 12)
100 --> 144 ( 14)
101 -->   2 ( 37)
101 -->   6 ( 36)
101 -->  74 ( 12)
101 --> 123 ( 13)
101 --> 143 ( 31)
102 --> 147 ( 29)
103 -->  33 ( 22)
103 -->  74 ( 21)
103 --> 139 ( 21)
103 --> 167 ( 11)
104 --> 118 ( 25)
105 -->   2 ( 36)
105 -->  17 ( 15)
105 -->  30 ( 26)
105 -->  45 ( 17)
105 -->  50 ( 21)
105 -->  70 ( 19)
105 -->  86 ( 17)
105 --> 132 ( 41)
105 --> 143 ( 21)
106 -->  50 ( 33)
106 -->  66 ( 10)
106 --> 105 (  9)
106 --> 132 ( 20)
106 --> 139 ( 40)
106 --> 142 ( 19)
106 --> 176 ( 30)
106 --> 182 ( 13)
107 --> 174 ( 25)
108 -->   4 ( 29)
109 -->  43 ( 11)
110 -->  48 ( 24)
110 -->  70 ( 21)
110 --> 151 ( 25)
111 --> 168 ( 19)
112 -->  50 ( 28)
113 -->  98 ( 35)
114 -->  14 ( 42)
114 --> 105 ( 20)
114 --> 132 ( 27)
115 -->  31 ( 25)
115 -->  40 ( 30)
115 -->  97 ( 24)
115 --> 149 ( 38)
116 -->  62 ( 26)
117 -->  14 ( 17)
117 --> 124 ( 22)
118 -->  40 ( 45)
118 -->  52 ( 15)
118 --> 105 ( 30)
118 --> 170 ( 31)
118 --> 172 ( 32)
119 -->  39 ( 27)
120 --> 102 ( 12)
121 --> 152 ( 33)
122 -->  72 ( 37)
123 -->  13 ( 29)
123 -->  23 ( 35)
123 --> 117 ( 26)
123 --> 124 ( 24)
123 --> 155 ( 33)
123 --> 172 ( 26)
124 -->   2 ( 30)
124 -->  14 ( 41)
124 --> 101 ( 28)
124 --> 115 ( 25)
124 --> 176 ( 30)
125 -->  32 ( 13)
126 -->  87 ( 32)
127 -->  35 ( 26)
128 --> 113 ( 27)
129 --> 193 ( 16)
130 --> 104 ( 36)
131 --> 125 ( 24)
132 -->  11 ( 13)
132 --> 151 ( 22)
132 --> 160 ( 18)
133 -->  27 ( 26)
134 -->   5 ( 23)
135 --> 163 ( 32)
136 --> 161 ( 20)
137 -->  29 ( 18)
138 --> 129 ( 21)
139 -->  11 ( 30)
139 -->  19 ( 39)
139 -->  74 ( 22)
140 --> 143 ( 20)
141 -->  76 ( 42)
142 -->   2 ( 18)
142 -->  18 ( 18)
143 -->  40 ( 20)
143 -->  63 ( 16)
143 -->  70 ( 37)
143 --> 124 ( 30)
143 --> 142 ( 16)
143 --> 172 ( 30)
143 --> 192 ( 21)
144 --> 138 ( 14)
145 --> 153 ( 26)
146 --> 121 ( 34)
147 --> 156 ( 39)
148 --> 141 ( 31)
149 -->  59 ( 38)
149 -->  95 ( 28)
149 --> 182 ( 26)
150 -->  99 ( 26)
151 -->  10 ( 32)
151 -->  45 ( 21)
151 -->  66 ( 16)
151 -->  94 ( 12)
151 --> 117 ( 37)
151 --> 160 ( 35)
152 --> 188 ( 14)
153 -->  46 ( 12)
154 -->  17 ( 15)
155 -->  31 ( 15)
155 -->  40 ( 22)
155 -->  70 ( 40)
155 --> 124 ( 25)
155 --> 160 ( 22)
155 --> 172 ( 26)
156 -->  20 ( 11)
157 -->   3 ( 24)
157 -->  17 ( 24)
157 -->  60 ( 11)
157 --> 117 ( 29)
158 --> 128 ( 12)
159 -->  28 ( 13)
160 -->  48 (  7)
160 -->  78 ( 29)
160 -->  97 ( 28)
160 --> 115 ( 27)
161 --> 135 ( 20)
162 -->  82 ( 13)
163 -->  41 ( 13)
164 -->  68 ( 24)
165 --> 195 ( 32)
166 -->  90 ( 25)
167 -->  60 ( 24)
168 --> 148 ( 25)
169 -->  38 ( 23)
170 --> 116 ( 24)
171 -->  26 ( 21)
172 -->  48 ( 25)
172 -->  70 ( 24)
172 -->  94 ( 29)
172 --> 157 ( 18)
173 --> 137 ( 15)
174 --> 175 ( 40)
175 -->  77 ( 17)
176 -->   2 ( 27)
176 -->  14 ( 23)
176 --> 103 ( 31)
176 --> 167 ( 30)
176 --> 192 ( 19)
177 -->  73 ( 10)
178 --> 111 ( 26)
179 --> 158 ( 29)
180 -->  37 ( 25)
181 --> 136 ( 27)
182 -->  18 ( 16)
182 --> 114 ( 31)
183 --> 115 ( 36)
183 --> 182 ( 14)
183 --> 192 ( 19)
184 --> 119 (  8)
185 --> 187 ( 37)
186 -->  13 ( 19)
187 -->  13 ( 32)
188 --> 180 ( 28)
189 -->  84 ( 24)
190 --> 173 ( 32)
191 -->   0 ( 29)
192 -->  19 ( 24)
192 --> 103 ( 34)
192 --> 114 ( 18)
193 -->  67 ( 37)
194 --> 122 ( 23)
195 -->  75 ( 24)
