WEIGHTED DIGRAPH 180 360:
  0 -->  55 ( 29)
  1 -->   3 (  8)
  1 -->   4 ( 21)
  1 -->  57 ( 27)
  2 -->  10 ( 33)
  2 -->  78 ( 22)
  2 --> 112 ( 30)
  2 --> 156 ( 31)
  3 -->  10 ( 12)
  3 --> 156 ( 17)
  4 -->  21 ( 20)
  4 --> 132 ( 46)
  5 -->  59 ( 24)
  6 -->  22 ( 25)
  7 --> 141 ( 20)
  8 --> 128 ( 25)
  9 -->  62 (  9)
 10 -->  22 ( 22)
 10 -->  23 ( 20)
 10 -->  41 ( 22)
 10 -->  79 ( 27)
 10 --> 108 ( 17)
 10 --> 116 ( 15)
 10 --> 124 ( 17)
 10 --> 156 ( 12)
 11 --> 104 ( 32)
 12 --> 137 ( 24)
 13 --> 126 ( 22)
 14 --> 161 ( 23)
 15 -->  19 ( 25)
 16 -->  74 ( 25)
 17 --> 118 ( 36)
 18 --> 105 ( 21)
 19 -->  69 ( 26)
 20 --> 111 ( 25)
 21 -->  66 ( 33)
 21 -->  76 ( 26)
 21 -->  78 ( 30)
 21 --> 116 ( 19)
 21 --> 120 ( 32)
 21 --> 132 ( 16)
 22 -->  73 ( 25)
 22 -->  78 ( 24)
 22 -->  94 ( 25)
 22 --> 100 ( 13)
 22 --> 132 ( 24)
 22 --> 149 ( 17)
 22 --> 176 ( 26)
 23 -->  51 ( 14)
 23 -->  79 ( 12)
 23 -->  97 ( 25)
 23 --> 102 ( 23)
 23 --> 125 ( 24)
 23 --> 149 ( 23)
 23 --> 156 ( 33)
 24 -->  13 ( 15)
 25 -->   9 ( 28)
 25 -->  10 ( 34)
 25 -->  56 ( 10)
 25 -->  78 ( 29)
 25 -->  94 ( 24)
 25 --> 113 ( 11)
 26 --> 123 ( 16)
 27 -->  43 ( 19)
 28 -->  12 ( 23)
 29 -->   3 ( 35)
 29 -->  56 ( 33)
 29 -->  95 ( 28)
 29 -->  97 ( 19)
 29 --> 127 ( 24)
 30 -->  80 ( 33)
 31 --> 107 ( 32)
 32 -->  79 ( 22)
 33 -->  53 ( 33)
 34 -->  23 ( 15)
 34 -->  42 ( 26)
 34 -->  56 ( 22)
 34 -->  73 ( 22)
 34 --> 102 ( 14)
 34 --> 120 ( 17)
 34 --> 139 ( 26)
 35 --> 178 ( 24)
 36 -->  54 ( 29)
 37 -->  84 ( 12)
 38 --> 143 ( 22)
 39 -->  94 ( 27)
 40 -->   2 ( 36)
 40 -->   4 ( 18)
 40 -->  66 ( 21)
 40 --> 102 ( 41)
 40 --> 114 ( 14)
 40 --> 167 ( 24)
 41 -->  94 ( 11)
 42 --> 121 ( 20)
 43 -->  46 ( 28)
 44 --> 148 ( 36)
 45 -->  87 ( 33)
 46 --> 140 ( 22)
 47 --> 129 ( 11)
 48 -->   1 ( 37)
 48 -->  56 ( 14)
 48 -->  57 ( 29)
 48 --> 142 ( 30)
 49 --> 162 ( 12)
 50 -->  60 ( 23)
 51 -->  78 ( 36)
 51 -->  82 ( 38)
 51 -->  97 ( 32)
 52 -->  51 ( 15)
 53 --> 138 ( 27)
 54 --> 172 ( 33)
 55 -->  15 ( 32)
 56 -->  79 ( 14)
 56 --> 113 ( 21)
 56 --> 167 ( 35)
 57 -->  29 ( 17)
 57 -->  52 ( 33)
 57 --> 165 ( 23)
 57 --> 169 ( 37)
 58 --> 164 ( 21)
 59 -->  70 ( 12)
 60 --> 158 ( 18)
 61 -->  65 ( 19)
 61 -->  94 ( 29)
 61 --> 168 ( 27)
 61 --> 169 ( 38)
 61 --> 176 ( 11)
 62 -->  83 ( 28)
 63 -->  27 ( 20)
 64 -->  45 ( 28)
 65 -->  23 ( 28)
 65 -->  56 ( 22)
 65 -->  71 ( 36)
 65 -->  73 ( 20)
 65 -->  79 ( 13)
 66 -->  99 ( 31)
 67 --> 122 ( 33)
 68 -->  35 ( 26)
 69 --> 156 ( 24)
 70 -->  17 ( 25)
 71 -->  52 ( 26)
 71 -->  99 ( 21)
 71 --> 127 ( 17)
 71 --> 142 ( 30)
 71 --> 176 ( 14)
 72 -->  51 ( 20)
 72 -->  90 ( 21)
 72 --> 116 ( 17)
 72 --> 168 ( 37)
 73 -->  10 ( 13)
 73 -->  72 ( 30)
 73 --> 124 ( 26)
 73 --> 142 ( 22)
 73 --> 149 ( 32)
 74 -->  20 ( 19)
 75 --> 117 ( 12)
 76 -->   3 ( 23)
 76 -->  48 ( 29)
 76 -->  65 ( 19)
 76 -->  72 ( 24)
 76 -->  96 ( 26)
 76 --> 108 ( 15)
 76 --> 165 ( 27)
 77 --> 177 ( 26)
 78 -->  57 ( 40)
 78 -->  95 ( 27)
 78 --> 113 ( 27)
 79 -->  66 ( 33)
 79 --> 151 ( 17)
 80 -->  50 ( 20)
 81 -->  64 ( 28)
 82 -->  37 ( 32)
 82 -->  56 ( 27)
 82 -->  94 (  8)
 82 --> 130 ( 41)
 82 --> 168 ( 23)
 82 --> 169 ( 32)
 83 --> 103 ( 23)
 84 --> 134 (  9)
 85 -->  98 ( 35)
 86 -->  32 ( 29)
 87 --> 171 ( 32)
 88 -->  68 ( 35)
 89 -->  28 ( 26)
 90 -->  81 ( 21)
 90 -->  99 ( 21)
 90 --> 112 ( 30)
 90 --> 116 ( 36)
 90 --> 132 ( 24)
 90 --> 165 ( 26)
 91 -->  58 ( 29)
 92 --> 152 ( 19)
 93 --> 174 ( 26)
 94 -->  36 ( 24)
 94 -->  67 ( 28)
 94 --> 132 ( 37)
 94 --> 142 ( 32)
 95 -->  57 ( 22)
 95 --> 139 ( 35)
 95 --> 169 ( 31)
 96 --> 160 ( 32)
 97 -->  48 (  7)
 98 -->  92 ( 11)
 99 -->  76 ( 21)
100 -->  75 ( 25)
101 -->  89 ( 19)
102 -->  71 ( 25)
102 -->  72 ( 13)
102 -->  76 ( 18)
102 --> 156 ( 23)
103 -->   8 ( 32)
104 -->  77 ( 20)
105 -->  11 ( 33)
106 --> 135 ( 19)
107 -->  18 ( 23)
108 -->  21 ( 33)
108 -->  34 ( 16)
108 -->  48 ( 35)
108 -->  78 ( 33)
108 --> 109 ( 11)
108 --> 112 ( 37)
108 --> 142 ( 30)
108 --> 176 ( 28)
109 -->  61 ( 27)
109 -->  94 ( 38)
109 --> 167 ( 37)
110 -->  33 ( 29)
111 -->  14 ( 21)
112 -->  34 ( 15)
112 -->  41 ( 44)
112 --> 116 ( 29)
112 --> 139 ( 11)
113 -->  48 ( 19)
113 --> 108 ( 14)
113 --> 124 ( 33)
113 --> 142 ( 30)
114 -->  25 ( 36)
114 -->  65 ( 17)
114 -->  72 ( 19)
114 -->  95 ( 34)
114 --> 127 ( 25)
114 --> 167 ( 35)
115 -->  31 ( 20)
116 -->   4 ( 15)
116 -->  65 ( 19)
116 -->  95 ( 40)
116 --> 149 ( 27)
116 --> 176 ( 15)
117 -->  49 ( 27)
118 -->  76 ( 20)
119 --> 154 ( 28)
120 -->  73 ( 24)
120 -->  79 ( 13)
120 --> 130 ( 25)
121 -->  47 ( 34)
123 -->  90 ( 14)
124 -->   3 ( 28)
124 -->  78 ( 26)
125 -->  10 ( 31)
125 -->  34 ( 30)
125 -->  51 ( 12)
125 -->  71 ( 14)
125 -->  72 ( 18)
125 -->  79 ( 14)
125 -->  90 (  8)
125 --> 168 ( 30)
126 -->  82 ( 29)
127 -->   3 ( 37)
127 -->  94 ( 35)
127 -->  99 ( 18)
128 --> 136 ( 30)
129 -->  39 ( 24)
130 -->  48 ( 30)
130 -->  97 ( 17)
131 -->  10 ( 32)
131 -->  41 ( 33)
131 -->  97 ( 33)
131 --> 169 ( 13)
132 -->  40 ( 32)
132 -->  41 (  4)
132 --> 167 ( 33)
132 --> 175 ( 25)
133 --> 110 ( 31)
134 --> 146 ( 39)
135 -->  30 ( 25)
136 --> 173 ( 22)
137 --> 150 ( 32)
138 -->  24 ( 32)
139 -->  78 ( 20)
139 -->  79 ( 10)
139 -->  99 ( 18)
139 --> 120 ( 41)
139 --> 130 ( 34)
139 --> 165 ( 25)
140 --> 170 ( 14)
141 -->  34 ( 33)
142 -->  41 ( 36)
142 -->  56 ( 34)
143 --> 106 ( 36)
144 --> 101 ( 28)
145 --> 115 ( 11)
146 --> 179 ( 33)
147 -->   6 ( 33)
148 -->  86 ( 33)
149 -->  90 ( 24)
149 --> 124 ( 22)
150 --> 147 (  6)
151 -->  91 ( 19)
152 -->  93 ( 17)
153 -->   2 ( 16)
153 -->  10 ( 12)
153 -->  23 ( 20)
153 -->  73 ( 11)
153 -->  76 ( 14)
154 -->   7 ( 25)
155 -->  88 ( 32)
156 -->  16 ( 21)
156 -->  56 ( 27)
156 --> 130 ( 30)
157 --> 144 ( 27)
158 -->  85 ( 33)
159 -->   5 ( 28)
160 --> 155 ( 31)
161 --> 166 ( 23)
162 --> 133 ( 28)
163 --> 145 ( 11)
164 -->  63 ( 23)
165 -->  23 ( 25)
166 -->  25 ( 30)
167 -->   3 ( 29)
167 -->  22 ( 29)
167 -->  82 ( 21)
168 -->  48 ( 30)
168 --> 113 ( 25)
168 --> 120 ( 31)
168 --> 131 ( 24)
169 -->  21 ( 26)
169 -->  23 ( 31)
169 --> 108 ( 22)
169 --> 139 ( 28)
169 --> 142 ( 34)
169 --> 167 ( 27)
170 --> 163 ( 41)
171 -->  44 ( 19)
172 --> 119 ( 30)
173 -->   0 ( 19)
174 --> 159 ( 23)
175 -->  38 ( 15)
175 -->  51 ( 41)
175 -->  82 ( 10)
175 -->  94 ( 35)
175 --> 125 (  9)
176 -->  52 ( 27)
176 -->  57 ( 42)
176 -->  95 ( 28)
176 -->  97 ( 33)
176 --> 139 ( 29)
177 -->  26 ( 18)
178 --> 175 ( 32)
179 --> 157 ( 36)
