WEIGHTED DIGRAPH 196 376:
  0 -->  23 ( 34)
  0 -->  30 ( 36)
  0 -->  38 ( 35)
  0 --> 164 ( 28)
  1 -->  69 ( 17)
  2 -->  84 ( 29)
  3 --> 179 ( 36)
  4 --> 192 ( 23)
  5 -->  55 ( 42)
  6 --> 136 ( 13)
  7 -->  18 ( 29)
  8 -->  12 ( 27)
  9 -->  26 ( 21)
  9 -->  47 ( 29)
  9 -->  99 ( 19)
  9 --> 174 ( 23)
 10 -->  32 ( 16)
 11 -->  90 ( 12)
 12 -->  10 ( 21)
 13 -->  30 ( 17)
 13 -->  34 ( 32)
 13 -->  68 ( 38)
 13 --> 142 ( 31)
 13 --> 171 ( 26)
 14 -->  98 ( 18)
 15 -->  71 ( 19)
 16 -->  97 ( 18)
 17 --> 132 ( 28)
 17 --> 137 ( 33)
 18 -->  27 ( 40)
 18 -->  42 ( 44)
 18 -->  51 ( 39)
 18 -->  52 ( 17)
 18 -->  83 ( 27)
 18 --> 172 ( 21)
 18 --> 185 ( 26)
 19 --> 107 ( 12)
 20 -->  29 ( 26)
 21 -->   5 ( 19)
 22 -->  92 ( 34)
 23 -->  18 ( 28)
 23 -->  81 ( 27)
 23 -->  88 ( 22)
 23 --> 121 ( 33)
 23 --> 132 ( 24)
 23 --> 162 ( 19)
 23 --> 169 ( 25)
 24 -->  50 ( 15)
 25 --> 161 ( 23)
 26 -->  86 ( 15)
 27 --> 156 ( 27)
 28 --> 182 ( 20)
 29 -->  64 ( 33)
 30 -->  76 ( 34)
 30 --> 123 ( 30)
 30 --> 137 ( 24)
 31 --> 167 ( 20)
 32 -->  70 ( 26)
 33 --> 155 ( 24)
 34 -->  30 ( 33)
 34 --> 138 ( 13)
 34 --> 149 ( 17)
 34 --> 154 ( 24)
 35 -->  23 ( 22)
 35 -->  30 ( 14)
 35 --> 166 ( 29)
 35 --> 186 ( 45)
 36 --> 189 ( 37)
 37 --> 153 ( 23)
 38 --> 124 ( 28)
 39 --> 108 ( 12)
 40 -->  85 ( 32)
 41 --> 152 ( 33)
 42 -->  30 ( 34)
 42 -->  47 ( 25)
 42 --> 112 ( 27)
 42 --> 113 ( 16)
 42 --> 121 ( 30)
 42 --> 140 ( 31)
 43 -->  67 ( 33)
 44 --> 130 ( 32)
 45 --> 190 ( 21)
 46 --> 100 ( 35)
 47 -->  66 ( 24)
 47 -->  68 ( 18)
 47 --> 118 ( 28)
 47 --> 140 ( 26)
 47 --> 160 ( 29)
 47 --> 180 ( 19)
 48 -->  23 ( 15)
 48 -->  36 ( 38)
 48 -->  76 ( 26)
 48 --> 119 ( 26)
 49 -->  17 ( 34)
 49 -->  30 ( 22)
 49 -->  51 ( 14)
 49 --> 116 ( 28)
 49 --> 135 ( 30)
 49 --> 181 ( 31)
 49 --> 185 ( 24)
 50 -->  54 ( 17)
 51 -->  19 (  8)
 51 -->  66 ( 26)
 51 -->  87 ( 17)
 52 -->  96 ( 16)
 53 -->  61 ( 13)
 54 --> 188 ( 27)
 55 -->  72 ( 35)
 56 -->  77 ( 43)
 57 -->  79 ( 31)
 58 -->   9 ( 21)
 59 -->  80 ( 19)
 60 --> 140 ( 35)
 61 --> 101 ( 41)
 62 --> 176 ( 40)
 63 --> 105 ( 21)
 64 -->  93 ( 20)
 65 -->   8 ( 14)
 66 --> 132 ( 39)
 66 --> 143 ( 17)
 66 --> 151 ( 34)
 67 -->   9 ( 16)
 68 -->  19 ( 26)
 68 -->  35 (  8)
 68 -->  66 ( 19)
 68 --> 102 ( 21)
 68 --> 185 ( 21)
 69 --> 122 ( 32)
 70 -->  95 ( 35)
 71 -->  53 ( 18)
 72 -->  41 (  6)
 73 -->  82 ( 25)
 74 --> 104 (  4)
 75 -->   9 ( 39)
 75 -->  48 ( 27)
 75 --> 107 ( 23)
 75 --> 131 ( 10)
 75 --> 142 (  9)
 76 -->  47 ( 22)
 76 --> 149 ( 39)
 76 --> 154 ( 35)
 76 --> 175 ( 39)
 77 --> 120 ( 18)
 78 --> 146 (  5)
 79 --> 110 ( 11)
 80 -->  49 ( 22)
 81 -->  42 ( 13)
 81 --> 106 ( 23)
 81 --> 112 ( 13)
 81 --> 169 ( 23)
 81 --> 171 ( 24)
 82 -->  37 ( 15)
 83 -->  35 ( 30)
 83 -->  87 ( 28)
 83 -->  88 ( 19)
 83 --> 120 ( 32)
 84 -->  22 ( 10)
 85 -->  58 ( 29)
 86 -->  24 ( 35)
 87 -->   0 ( 11)
 87 -->  47 ( 31)
 87 -->  99 ( 30)
 87 --> 120 ( 15)
 87 --> 121 ( 27)
 88 -->  48 ( 29)
 88 -->  99 ( 24)
 88 --> 121 ( 31)
 88 --> 133 ( 28)
 88 --> 170 ( 12)
 89 -->  20 (  7)
 90 -->  14 ( 37)
 91 --> 177 ( 31)
 92 -->  73 ( 20)
 93 --> 109 ( 34)
 94 --> 127 ( 31)
 95 --> 139 ( 38)
 96 -->  94 ( 25)
 97 --> 170 ( 27)
 98 --> 195 ( 26)
 99 -->  51 ( 14)
 99 -->  75 ( 15)
 99 -->  76 ( 43)
 99 --> 135 ( 19)
100 -->  43 ( 27)
101 --> 145 ( 26)
102 -->   0 ( 40)
103 --> 187 (  9)
104 -->   1 ( 32)
105 -->   6 ( 33)
106 -->  17 ( 25)
106 -->  60 ( 23)
106 --> 171 ( 35)
107 -->   9 ( 24)
107 --> 118 ( 40)
107 --> 140 ( 27)
107 --> 164 ( 25)
107 --> 186 ( 11)
108 -->  57 ( 22)
109 --> 144 ( 11)
110 -->  18 ( 29)
111 -->  91 ( 37)
112 -->  18 ( 18)
112 -->  35 ( 30)
112 --> 164 ( 23)
112 --> 169 ( 28)
113 -->  18 ( 22)
113 -->  35 ( 18)
113 --> 102 ( 31)
113 --> 112 ( 18)
113 --> 116 ( 12)
114 --> 148 ( 38)
115 --> 159 ( 26)
116 -->  17 ( 32)
116 --> 135 ( 29)
116 --> 137 ( 36)
116 --> 178 ( 20)
116 --> 185 ( 25)
117 --> 194 ( 22)
118 -->   9 ( 29)
118 -->  17 ( 33)
118 --> 121 ( 23)
118 --> 171 ( 15)
119 -->  74 ( 10)
120 -->  45 ( 14)
120 -->  68 ( 16)
120 --> 123 ( 28)
120 --> 175 ( 36)
121 --> 102 ( 28)
121 --> 186 ( 21)
122 --> 158 ( 35)
123 -->  47 ( 26)
123 -->  49 ( 18)
123 -->  51 ( 21)
123 -->  76 ( 26)
123 --> 107 ( 24)
123 --> 175 ( 31)
124 -->   2 ( 19)
125 -->  46 ( 14)
126 -->  33 ( 33)
127 -->  44 ( 31)
128 --> 125 ( 24)
129 -->  63 ( 33)
130 -->  40 ( 29)
131 -->  13 ( 17)
131 -->  60 ( 20)
131 --> 178 ( 20)
132 -->  60 ( 26)
132 --> 180 ( 23)
133 -->  49 ( 37)
133 --> 118 ( 35)
133 --> 123 ( 16)
133 --> 135 ( 25)
134 -->  16 ( 15)
135 --> 143 ( 35)
136 -->  21 ( 22)
137 -->   9 ( 20)
137 -->  47 ( 15)
137 -->  99 ( 31)
137 --> 140 (  7)
137 --> 160 ( 19)
137 --> 185 ( 40)
138 -->  18 ( 33)
138 --> 102 ( 25)
138 --> 133 ( 11)
138 --> 140 ( 33)
138 --> 180 ( 22)
139 -->  48 ( 17)
140 -->  23 ( 23)
140 -->  83 ( 29)
140 --> 164 ( 24)
140 --> 169 ( 17)
141 -->   7 ( 28)
142 -->  17 ( 27)
142 -->  23 ( 26)
142 -->  34 ( 26)
142 --> 106 ( 22)
142 --> 123 ( 28)
142 --> 137 ( 35)
142 --> 149 ( 34)
142 --> 166 ( 17)
143 -->  68 ( 32)
143 -->  81 ( 35)
143 --> 123 ( 39)
143 --> 151 ( 21)
144 -->  25 ( 33)
145 --> 134 ( 22)
146 -->   4 ( 23)
147 -->  31 ( 20)
148 -->  65 ( 23)
149 -->  68 ( 21)
149 --> 186 ( 28)
150 --> 163 ( 23)
151 -->  75 ( 32)
151 -->  83 ( 38)
151 --> 175 ( 23)
152 --> 115 (  6)
153 --> 183 ( 28)
154 -->   9 ( 21)
154 --> 121 ( 40)
154 --> 137 ( 21)
154 --> 142 ( 13)
154 --> 164 ( 31)
154 --> 185 ( 20)
155 -->  28 ( 31)
156 --> 129 ( 21)
157 -->  89 ( 15)
158 --> 128 ( 25)
159 -->  59 ( 24)
160 --> 102 ( 18)
160 --> 164 ( 38)
160 --> 178 ( 26)
161 --> 111 ( 11)
162 -->  42 ( 20)
162 --> 121 ( 20)
162 --> 135 ( 19)
162 --> 151 ( 16)
162 --> 171 ( 24)
163 --> 114 ( 21)
164 --> 138 ( 27)
164 --> 178 ( 16)
165 --> 150 ( 31)
166 -->  87 ( 12)
166 --> 107 ( 16)
166 --> 170 ( 31)
167 -->  62 ( 27)
168 --> 103 ( 31)
169 -->  35 ( 47)
169 -->  60 ( 22)
169 --> 137 ( 22)
169 --> 166 ( 18)
169 --> 170 ( 17)
170 -->  66 ( 20)
170 -->  68 ( 33)
170 -->  83 ( 16)
170 --> 157 ( 47)
170 --> 172 ( 23)
171 -->   0 ( 36)
171 -->  18 ( 34)
171 -->  48 ( 25)
171 --> 113 ( 24)
171 --> 135 ( 29)
172 --> 118 ( 39)
172 --> 151 ( 23)
172 --> 160 ( 29)
173 -->  56 ( 28)
174 -->  11 ( 26)
175 -->   0 ( 18)
175 --> 107 ( 22)
175 --> 166 ( 11)
175 --> 178 ( 33)
176 --> 173 ( 42)
177 --> 147 ( 27)
178 -->  47 ( 30)
178 --> 107 ( 29)
178 --> 135 ( 36)
178 --> 137 ( 16)
178 --> 149 ( 22)
178 --> 162 ( 41)
179 --> 193 ( 33)
181 --> 184 ( 31)
182 --> 117 ( 11)
183 --> 168 ( 15)
184 --> 126 ( 27)
185 -->  51 ( 39)
185 --> 178 ( 41)
185 --> 180 ( 35)
186 -->  34 ( 26)
187 --> 191 ( 18)
188 --> 165 ( 34)
189 -->  78 ( 11)
190 -->  15 ( 20)
191 -->  48 ( 26)
192 -->   3 ( 41)
193 -->   0 ( 14)
194 --> 141 (  7)
195 -->  39 ( 16)
