WEIGHTED DIGRAPH 186 366:
  0 --> 171 ( 22)
  1 -->  23 ( 32)
  1 -->  62 ( 15)
  1 -->  86 ( 38)
  1 --> 106 ( 16)
  1 --> 140 ( 25)
  1 --> 174 ( 35)
  2 -->   1 ( 24)
  2 -->   7 ( 21)
  2 --> 137 ( 20)
  2 --> 149 ( 19)
  3 --> 102 ( 27)
  4 -->  40 ( 11)
  5 -->   3 ( 34)
  6 -->  91 ( 22)
  7 -->   1 ( 24)
  7 -->  43 ( 32)
  7 -->  54 ( 25)
  7 --> 119 ( 36)
  7 --> 136 ( 19)
  7 --> 137 ( 23)
  7 --> 150 ( 21)
  7 --> 178 ( 29)
  8 -->  13 ( 36)
  8 -->  62 ( 36)
  8 --> 149 ( 26)
  8 --> 150 ( 31)
  8 --> 157 ( 24)
  9 -->   6 ( 11)
 10 -->  63 ( 17)
 11 --> 164 ( 22)
 12 --> 163 ( 18)
 13 -->  30 ( 26)
 13 --> 139 ( 30)
 13 --> 151 ( 17)
 14 -->   8 ( 27)
 14 -->  43 ( 13)
 14 --> 106 ( 22)
 14 --> 174 ( 22)
 15 -->   9 ( 36)
 16 --> 146 ( 27)
 17 --> 100 ( 21)
 18 --> 169 ( 42)
 19 -->  14 ( 22)
 19 --> 127 ( 13)
 20 -->  23 ( 26)
 20 --> 178 ( 18)
 21 --> 180 ( 39)
 22 -->  11 ( 16)
 23 -->  28 ( 18)
 23 -->  77 ( 23)
 23 --> 107 ( 26)
 23 --> 122 ( 27)
 23 --> 136 ( 39)
 23 --> 137 ( 36)
 24 --> 134 ( 24)
 25 -->  58 ( 29)
 26 -->  37 ( 32)
 27 --> 119 ( 34)
 28 -->  30 ( 19)
 28 -->  83 ( 29)
 28 --> 177 ( 18)
 29 --> 115 ( 20)
 30 -->  14 ( 22)
 30 -->  43 ( 29)
 31 -->  49 ( 28)
 32 --> 183 ( 16)
 33 -->  96 ( 24)
 34 --> 175 ( 25)
 35 -->   8 ( 24)
 35 -->  13 ( 22)
 35 --> 109 ( 20)
 36 --> 146 ( 21)
 37 -->  61 ( 36)
 38 -->  22 ( 43)
 39 -->  89 ( 13)
 40 --> 173 ( 13)
 41 -->  27 ( 16)
 42 -->  15 ( 39)
 43 -->   8 ( 30)
 43 -->  23 ( 21)
 44 -->  53 ( 31)
 44 --> 106 ( 22)
 44 --> 141 ( 31)
 44 --> 145 ( 28)
 44 --> 157 ( 25)
 45 --> 123 ( 30)
 46 --> 130 ( 25)
 47 -->  41 ( 20)
 48 --> 132 ( 28)
 49 -->  65 ( 20)
 50 -->  12 ( 19)
 50 -->  54 ( 20)
 50 -->  62 ( 35)
 50 --> 105 ( 26)
 50 --> 162 ( 29)
 51 -->  25 ( 48)
 52 --> 148 ( 30)
 53 -->  28 ( 18)
 53 -->  77 ( 25)
 53 --> 104 ( 29)
 53 --> 157 ( 20)
 54 -->  20 ( 24)
 54 -->  66 ( 17)
 54 --> 104 ( 38)
 54 --> 136 ( 29)
 55 --> 129 ( 33)
 56 --> 119 ( 17)
 57 -->  71 ( 29)
 58 -->  13 ( 14)
 59 -->  78 ( 33)
 60 -->  50 ( 26)
 61 --> 118 ( 19)
 62 -->  35 ( 20)
 62 -->  86 ( 38)
 63 --> 159 ( 36)
 64 -->  14 ( 26)
 65 --> 124 ( 20)
 66 --> 103 ( 36)
 66 --> 123 ( 12)
 66 --> 136 ( 13)
 66 --> 137 ( 24)
 67 -->  33 ( 27)
 68 -->  48 ( 32)
 69 --> 167 ( 16)
 70 --> 168 ( 26)
 71 -->  70 ( 33)
 72 --> 104 ( 10)
 73 -->  18 ( 24)
 74 -->  64 ( 21)
 74 --> 136 ( 33)
 74 --> 145 ( 27)
 74 --> 177 ( 15)
 75 --> 119 ( 34)
 76 -->  46 ( 27)
 77 -->   1 ( 31)
 77 -->  97 (  7)
 77 --> 104 ( 22)
 77 --> 106 ( 15)
 77 --> 150 ( 37)
 77 --> 152 ( 42)
 77 --> 156 ( 18)
 77 --> 174 ( 35)
 78 --> 160 ( 20)
 79 -->  38 ( 39)
 80 -->  95 ( 30)
 81 -->  87 ( 32)
 82 -->  67 ( 19)
 83 -->  77 ( 12)
 83 -->  94 ( 19)
 83 --> 136 ( 36)
 83 --> 177 ( 20)
 84 --> 112 ( 20)
 85 -->  69 ( 42)
 86 -->  77 ( 32)
 86 --> 106 ( 26)
 86 --> 137 ( 12)
 86 --> 147 ( 11)
 87 -->  16 ( 25)
 88 -->  34 ( 26)
 89 -->  21 ( 28)
 90 -->  88 ( 32)
 91 --> 131 ( 19)
 92 --> 138 ( 32)
 93 -->  39 ( 20)
 94 --> 107 ( 20)
 94 --> 146 ( 18)
 94 --> 162 ( 18)
 95 --> 128 ( 17)
 96 -->  56 ( 18)
 97 --> 149 ( 40)
 97 --> 157 ( 36)
 97 --> 178 ( 38)
 98 -->  55 ( 16)
 99 --> 165 ( 23)
100 --> 133 ( 34)
101 -->  45 ( 31)
102 --> 101 ( 25)
104 -->  64 ( 41)
104 --> 140 ( 30)
104 --> 153 ( 29)
105 -->  35 ( 46)
105 --> 119 ( 17)
105 --> 123 ( 24)
105 --> 136 ( 25)
106 -->  50 ( 17)
106 --> 118 ( 28)
106 --> 152 ( 33)
106 --> 177 ( 28)
107 -->  54 ( 14)
107 --> 109 ( 23)
107 --> 127 ( 31)
107 --> 141 ( 26)
107 --> 145 ( 21)
108 -->  75 ( 20)
109 -->  77 ( 36)
109 -->  97 ( 29)
109 --> 122 ( 39)
109 --> 123 ( 11)
109 --> 140 ( 24)
109 --> 147 ( 19)
110 -->  36 ( 42)
111 -->   1 ( 34)
111 -->  23 ( 37)
111 -->  35 ( 21)
111 -->  50 ( 35)
111 -->  97 ( 36)
111 --> 127 ( 35)
111 --> 137 ( 34)
111 --> 150 ( 31)
111 --> 156 ( 28)
112 --> 116 ( 40)
113 -->  76 ( 11)
114 -->  26 ( 30)
115 -->  31 ( 21)
116 -->  80 ( 11)
117 -->  62 ( 29)
117 -->  94 ( 15)
117 --> 179 ( 29)
118 -->  10 ( 22)
118 -->  35 ( 26)
118 -->  97 ( 24)
118 --> 139 ( 41)
118 --> 145 ( 24)
119 -->  79 ( 22)
119 -->  83 ( 27)
119 --> 145 ( 29)
119 --> 154 ( 21)
119 --> 170 ( 26)
120 -->  47 ( 35)
121 --> 176 ( 34)
122 -->  43 ( 37)
122 -->  77 ( 16)
122 --> 136 ( 15)
122 --> 147 ( 21)
123 -->   4 ( 29)
123 -->  30 ( 12)
123 -->  86 ( 30)
123 --> 156 ( 24)
124 --> 120 ( 18)
125 --> 113 ( 32)
126 -->  17 ( 26)
127 -->  62 ( 20)
127 -->  97 (  8)
127 --> 106 ( 23)
127 --> 137 ( 11)
127 --> 139 ( 33)
127 --> 145 ( 27)
128 -->  72 ( 17)
129 --> 144 ( 26)
130 --> 114 (  8)
131 --> 172 ( 33)
132 --> 155 ( 24)
133 -->  60 ( 22)
134 --> 184 ( 42)
136 -->  97 ( 22)
136 --> 145 ( 28)
137 -->  28 ( 28)
137 -->  83 ( 28)
137 --> 136 ( 25)
137 --> 139 ( 22)
138 --> 158 ( 27)
139 -->   1 ( 19)
139 -->  30 ( 33)
139 -->  44 (  9)
139 -->  54 ( 16)
139 --> 145 ( 23)
140 -->  13 ( 18)
140 -->  28 ( 29)
140 --> 103 ( 16)
140 --> 122 ( 19)
140 --> 139 ( 14)
140 --> 152 ( 21)
141 -->  20 ( 33)
141 --> 117 ( 28)
141 --> 140 (  7)
141 --> 179 ( 17)
142 -->  81 ( 30)
143 -->  99 ( 23)
144 -->  92 ( 24)
145 -->   8 ( 29)
145 -->  53 ( 37)
145 --> 150 ( 26)
146 -->  20 ( 29)
146 -->  50 ( 25)
146 -->  90 ( 25)
146 --> 150 ( 26)
146 --> 178 ( 29)
146 --> 185 ( 18)
147 -->  77 ( 36)
147 --> 103 ( 36)
147 --> 162 ( 28)
148 --> 142 ( 13)
149 --> 106 ( 17)
149 --> 119 ( 25)
149 --> 147 ( 26)
149 --> 177 ( 21)
150 -->  13 ( 23)
150 -->  35 ( 34)
151 -->   5 ( 18)
152 -->   1 ( 14)
152 -->  43 ( 38)
152 --> 104 ( 19)
152 --> 146 ( 40)
152 --> 162 ( 21)
153 -->  82 ( 29)
154 -->   0 ( 23)
155 -->  52 ( 32)
156 -->   1 ( 24)
156 -->  13 ( 15)
156 --> 117 ( 29)
156 --> 122 ( 17)
157 -->   2 ( 16)
157 --> 105 ( 43)
157 --> 135 ( 14)
157 --> 136 ( 25)
157 --> 139 ( 13)
157 --> 156 ( 16)
158 -->  73 ( 22)
159 -->  85 ( 22)
160 -->  51 ( 27)
161 -->  44 ( 11)
161 -->  62 ( 26)
162 -->   2 ( 30)
162 -->  20 ( 22)
162 -->  83 ( 31)
162 --> 103 ( 17)
162 --> 106 ( 27)
162 --> 156 ( 18)
162 --> 181 ( 29)
163 -->  68 ( 43)
164 -->  57 ( 15)
165 --> 121 (  9)
166 --> 110 ( 25)
167 --> 143 ( 18)
168 -->  84 ( 38)
169 -->  24 ( 11)
170 -->  98 ( 47)
171 --> 125 ( 18)
172 --> 166 ( 37)
173 -->  32 ( 24)
174 -->   8 ( 23)
174 -->  86 ( 36)
174 --> 150 ( 29)
175 -->  29 ( 19)
176 --> 182 ( 27)
177 -->  44 ( 10)
177 --> 127 ( 15)
178 -->  44 ( 19)
178 -->  53 ( 22)
178 -->  83 ( 17)
178 --> 109 ( 30)
178 --> 135 ( 30)
178 --> 161 ( 28)
179 -->  14 ( 25)
179 -->  62 ( 35)
179 -->  83 ( 42)
180 -->  59 ( 36)
181 -->  20 ( 26)
181 -->  74 ( 17)
181 --> 107 ( 23)
181 --> 174 ( 24)
182 --> 108 ( 18)
183 -->  93 ( 32)
184 -->  42 ( 36)
185 --> 126 ( 38)
