WEIGHTED DIGRAPH 222 402:
  0 --> 168 ( 23)
  1 -->  42 ( 32)
  1 --> 146 ( 23)
  2 -->  54 ( 15)
  3 --> 165 ( 32)
  4 --> 189 (  4)
  5 -->  39 ( 21)
  5 -->  83 ( 28)
  5 -->  95 ( 14)
  5 --> 192 ( 22)
  5 --> 211 ( 18)
  6 --> 107 ( 18)
  7 -->  51 ( 26)
  8 --> 201 ( 14)
  9 --> 155 ( 35)
 10 --> 193 ( 20)
 11 --> 122 ( 26)
 12 -->  52 ( 17)
 13 --> 176 ( 31)
 14 -->  59 ( 23)
 15 --> 210 ( 15)
 16 --> 221 ( 26)
 17 -->  63 ( 33)
 18 -->  32 ( 18)
 19 -->  99 ( 31)
 20 -->  42 ( 36)
 20 --> 194 ( 36)
 20 --> 210 ( 36)
 21 -->  91 ( 30)
 22 --> 173 ( 29)
 23 -->  26 ( 25)
 23 -->  35 ( 25)
 23 -->  39 ( 21)
 23 -->  63 ( 30)
 23 -->  95 ( 18)
 23 --> 116 ( 35)
 23 --> 166 ( 13)
 24 --> 196 ( 16)
 25 --> 132 ( 28)
 25 --> 167 ( 29)
 26 -->  70 ( 18)
 26 -->  76 ( 31)
 26 -->  93 ( 15)
 26 --> 114 ( 31)
 26 --> 167 ( 24)
 26 --> 192 ( 39)
 26 --> 206 ( 11)
 27 --> 102 ( 11)
 28 -->  78 ( 23)
 29 --> 105 ( 37)
 30 --> 218 ( 22)
 31 -->  60 ( 30)
 32 -->  22 ( 19)
 33 -->  80 ( 31)
 34 -->  21 ( 29)
 35 -->  41 ( 31)
 35 --> 172 ( 17)
 35 --> 200 ( 38)
 36 -->   1 (  8)
 36 -->  15 ( 19)
 36 -->  35 ( 34)
 36 -->  95 ( 20)
 36 --> 167 ( 25)
 36 --> 174 ( 29)
 37 --> 152 ( 25)
 38 -->   5 ( 30)
 38 -->  26 ( 16)
 38 -->  35 ( 32)
 38 --> 167 ( 27)
 38 --> 200 ( 28)
 39 -->  26 ( 24)
 39 -->  36 ( 31)
 39 --> 132 ( 25)
 39 --> 149 ( 43)
 39 --> 157 ( 31)
 39 --> 159 ( 20)
 39 --> 188 ( 21)
 40 --> 213 ( 25)
 41 -->   5 ( 25)
 41 -->  61 (  6)
 41 -->  79 ( 10)
 41 -->  83 ( 21)
 42 --> 157 ( 25)
 42 --> 167 ( 16)
 43 -->  73 ( 14)
 44 --> 183 ( 20)
 45 --> 169 ( 12)
 46 -->  26 ( 23)
 46 -->  38 ( 35)
 46 -->  55 ( 23)
 46 --> 110 ( 40)
 46 --> 125 ( 38)
 46 --> 132 ( 20)
 46 --> 192 ( 23)
 46 --> 194 ( 26)
 46 --> 211 ( 30)
 47 --> 161 ( 25)
 48 --> 150 ( 42)
 49 -->  55 ( 14)
 49 -->  61 ( 11)
 49 -->  63 ( 32)
 49 -->  96 ( 18)
 49 --> 174 ( 31)
 49 --> 194 ( 16)
 50 -->  48 ( 39)
 51 -->  69 ( 15)
 52 -->  65 ( 23)
 53 -->  33 ( 25)
 54 -->   7 ( 18)
 55 --> 212 ( 21)
 56 -->  97 ( 26)
 57 -->  47 ( 30)
 58 --> 108 ( 26)
 59 --> 123 ( 23)
 60 --> 109 ( 33)
 61 --> 114 ( 33)
 61 --> 212 ( 15)
 62 --> 132 ( 26)
 63 -->  38 ( 36)
 63 -->  70 ( 15)
 63 --> 101 ( 15)
 63 --> 102 ( 33)
 63 --> 132 ( 26)
 63 --> 190 ( 39)
 63 --> 208 ( 35)
 64 --> 133 ( 33)
 65 -->   6 ( 34)
 66 --> 182 ( 25)
 67 --> 119 ( 16)
 68 --> 111 ( 35)
 69 --> 153 ( 34)
 70 --> 125 ( 37)
 70 --> 142 ( 45)
 71 -->   4 ( 29)
 72 --> 215 ( 37)
 73 -->  34 ( 18)
 74 --> 164 ( 12)
 75 -->   2 ( 28)
 76 --> 114 ( 26)
 76 --> 211 ( 19)
 77 --> 194 ( 34)
 78 --> 132 ( 32)
 79 -->  49 ( 28)
 79 --> 157 ( 24)
 80 --> 179 ( 34)
 81 -->  56 ( 34)
 82 -->  88 ( 19)
 83 -->  25 ( 22)
 83 -->  35 ( 27)
 83 -->  89 ( 28)
 83 --> 113 ( 43)
 84 -->  16 ( 20)
 85 -->  24 ( 27)
 86 --> 151 ( 24)
 87 -->  36 ( 46)
 88 --> 141 ( 26)
 89 -->  81 ( 31)
 90 -->  30 (  7)
 91 -->  26 ( 26)
 92 -->  20 ( 35)
 92 -->  25 ( 34)
 92 -->  39 ( 17)
 92 -->  41 ( 22)
 92 --> 125 ( 29)
 92 --> 192 ( 29)
 93 --> 163 ( 42)
 94 --> 154 ( 29)
 95 -->  77 ( 22)
 95 --> 104 ( 35)
 95 --> 146 ( 24)
 95 --> 210 ( 18)
 96 --> 192 ( 14)
 97 --> 126 ( 20)
 98 -->  17 ( 31)
 99 -->  12 ( 28)
100 -->  53 ( 14)
101 --> 125 ( 21)
101 --> 192 ( 30)
102 -->   5 ( 19)
102 -->  26 (  8)
102 -->  55 ( 25)
102 -->  64 ( 21)
102 -->  96 ( 26)
103 --> 186 ( 22)
104 -->  25 ( 33)
104 -->  26 ( 17)
104 -->  87 ( 30)
104 --> 110 ( 19)
104 --> 166 ( 35)
104 --> 210 ( 16)
105 -->  66 ( 30)
106 -->  39 ( 30)
106 -->  76 (  4)
106 -->  96 ( 25)
106 --> 151 ( 32)
106 --> 214 ( 35)
107 --> 121 ( 21)
108 --> 180 ( 29)
109 -->  10 ( 26)
110 -->  23 ( 36)
110 -->  92 ( 35)
110 --> 106 ( 31)
110 --> 116 ( 29)
110 --> 167 ( 23)
111 --> 115 ( 28)
112 -->  84 ( 27)
113 -->  35 ( 14)
113 --> 134 ( 36)
113 --> 142 ( 38)
113 --> 145 ( 13)
114 -->  15 ( 16)
114 -->  70 ( 23)
114 -->  79 ( 28)
114 --> 166 ( 20)
115 --> 171 ( 25)
116 -->  41 ( 24)
116 -->  87 ( 26)
116 --> 194 ( 17)
116 --> 210 ( 16)
117 -->  13 ( 14)
118 --> 129 ( 11)
119 --> 197 ( 35)
120 -->  58 ( 21)
121 --> 160 ( 24)
122 --> 147 ( 24)
123 --> 178 ( 19)
124 -->  31 ( 14)
125 -->   5 ( 27)
125 -->  15 ( 22)
125 -->  36 ( 21)
125 -->  38 ( 16)
125 -->  49 ( 24)
125 -->  83 ( 28)
125 --> 192 ( 31)
126 --> 137 ( 20)
127 -->  57 ( 18)
128 -->  74 ( 20)
129 --> 191 ( 27)
130 --> 135 ( 25)
131 --> 139 ( 37)
132 -->  19 ( 26)
132 --> 151 ( 34)
132 --> 194 ( 16)
132 --> 200 ( 19)
132 --> 205 ( 31)
133 -->  72 ( 28)
134 -->  92 ( 24)
134 --> 157 ( 33)
135 --> 117 ( 37)
136 -->  39 ( 20)
137 -->  11 ( 26)
138 --> 140 ( 12)
139 -->  40 ( 30)
140 -->  43 ( 33)
141 -->  45 ( 26)
142 --> 104 ( 26)
142 --> 166 ( 16)
142 --> 214 ( 44)
143 --> 130 ( 24)
144 --> 184 ( 10)
145 -->  77 ( 41)
145 --> 104 ( 31)
145 --> 134 ( 22)
146 -->  96 ( 23)
146 --> 102 ( 34)
147 --> 144 ( 23)
148 -->  86 ( 15)
149 --> 181 ( 25)
150 -->  14 ( 34)
151 -->  36 ( 20)
151 -->  46 ( 14)
151 -->  68 ( 14)
151 --> 200 ( 19)
152 --> 120 ( 20)
153 --> 207 ( 27)
154 -->  98 ( 29)
155 --> 220 ( 19)
156 -->  25 ( 18)
156 -->  61 ( 29)
156 --> 167 ( 20)
157 -->  63 ( 11)
157 -->  95 ( 21)
157 --> 110 ( 33)
157 --> 194 ( 27)
157 --> 210 ( 24)
158 --> 202 ( 26)
159 --> 101 ( 17)
159 --> 110 ( 23)
160 -->  67 ( 27)
161 -->  50 ( 13)
162 -->  29 ( 22)
163 -->  44 ( 30)
164 -->  71 ( 14)
165 --> 112 ( 16)
166 -->   1 ( 28)
166 -->  35 ( 33)
166 -->  38 ( 18)
166 -->  55 ( 30)
166 -->  61 ( 31)
166 -->  63 ( 22)
166 --> 174 ( 28)
166 --> 208 ( 11)
167 --> 116 ( 16)
167 --> 145 ( 23)
168 --> 199 ( 32)
169 --> 138 ( 28)
170 -->  90 ( 17)
171 --> 103 (  8)
172 -->  20 ( 25)
172 -->  23 ( 22)
172 -->  61 ( 26)
172 -->  83 ( 31)
173 -->  27 ( 21)
174 -->  63 ( 23)
174 -->  70 ( 28)
174 --> 116 ( 28)
174 --> 172 ( 36)
174 --> 188 ( 22)
174 --> 216 ( 29)
175 --> 158 ( 20)
176 -->  28 ( 20)
177 -->  77 ( 26)
177 --> 110 ( 24)
177 --> 114 ( 39)
177 --> 157 ( 14)
177 --> 167 ( 28)
178 -->   3 ( 21)
179 --> 195 ( 25)
180 -->  94 ( 25)
181 --> 203 ( 28)
182 --> 194 ( 40)
183 --> 131 ( 22)
184 --> 204 ( 25)
185 --> 127 ( 19)
186 --> 185 ( 38)
187 --> 148 ( 30)
188 -->  79 ( 30)
188 -->  83 ( 16)
188 --> 110 ( 21)
188 --> 166 ( 17)
188 --> 194 ( 24)
189 --> 118 ( 29)
190 --> 162 (  8)
191 -->  62 ( 27)
192 -->  35 ( 35)
192 --> 159 ( 18)
193 --> 187 ( 23)
194 -->   0 (  4)
194 -->  36 ( 42)
194 --> 216 ( 28)
195 -->  85 ( 19)
196 --> 217 ( 23)
197 --> 100 ( 14)
198 -->   9 ( 10)
199 --> 175 ( 23)
200 -->  39 ( 20)
200 --> 214 ( 14)
201 --> 198 ( 23)
202 -->  75 ( 38)
203 -->   8 ( 17)
204 --> 143 ( 29)
205 --> 170 ( 11)
206 -->  18 ( 25)
207 -->  37 ( 35)
208 -->  38 ( 18)
208 -->  70 ( 27)
208 -->  83 ( 30)
208 --> 102 ( 26)
209 --> 124 ( 31)
210 -->  23 ( 41)
210 -->  25 ( 10)
210 -->  55 ( 20)
210 -->  63 ( 21)
210 -->  77 ( 34)
210 --> 125 ( 27)
210 --> 145 ( 23)
210 --> 172 ( 36)
211 -->  36 ( 25)
211 -->  77 ( 33)
211 -->  87 ( 33)
212 -->   5 ( 29)
212 -->  23 ( 43)
212 -->  26 ( 16)
212 -->  95 ( 14)
212 --> 116 ( 24)
212 --> 174 ( 26)
213 --> 209 ( 24)
214 -->  35 ( 20)
214 -->  61 ( 25)
214 -->  87 ( 21)
214 --> 114 ( 20)
214 --> 210 ( 19)
214 --> 212 ( 27)
215 -->  82 ( 23)
216 -->  42 ( 17)
216 --> 166 ( 23)
216 --> 167 (  5)
217 -->  83 ( 25)
218 --> 136 ( 39)
219 --> 128 ( 28)
220 --> 219 ( 32)
221 -->  26 ( 41)
